2
3
0
-1
294
292894
625588726
-1
60528882
738517495
79805312
581346590
220827453
282674628
535628017
1652240211
226012587
420941901
181093104
31453676
22652219
230478283
278312550
388314892
169335170
-1
-1
1510316710
35170674
1735143206
628622325
913823338
356760412
52154744
1275813564
517003176
116574138
158845220
394535015
-1
156380424
166480023
48422404
1184437248
6124899
-1
3118232
253360332
297375614
197806383
222264908
399861386
-1
915456003
-1
-1
108076892
-1
149168938
819458226
237887425
171326906
30152785
52460892
60738424
-1
-1
-1
399800662
-1
31705665
97370186
72139666
39836740
-1
-1
591590587
3290947
-1
365483733
1358598285
167260356
6967432
681538625
-1
39924872
665286651
1486083921
865406957
7737882
104448232
350609350
30451438
451573779
-1
337121480
334024163
188827924
311337730
-1
-1
