10010001101011011111010111011011010011011110001010101011101001100011100101010001111000111000001111100000100000111101001
10010001101011011111010111011011010011011110001010101011101001100011100101010001111000111000001111100000100000111101001
10010001101011011111010111011011010011011110001010101011101001100011100101010001111000111000001111100000100000111101001
10010001101011011111010111011011010011011110001010101011101001100011100101010001111000111000001111100000100000111101001
10010001101011011111010111011011010011011110001010101011101001100011100101010001111000111000001111100000100000111101001
10010001101011011111010111011011010011011110001010101011101001100011100101010001111000111000001111100000100000111101001
10010001101011011111010111011011010011011110001010101011101001100011100101010001111000111000001111100000100000111101001
11110010100001110001110000101110001110011010010101110010011011111101110001010111001110110011110001001111100001100100010
10010001101011011111010111011011010011011110001010101011101001100011100101010001111000111000001111100000100000111101001
10010001101011011111010111011011010011011110001010101011101001100011100101010001111000111000001111100000100000111101001
10010001101011011111010111011011010011011110001010101011101001100011100101010001111000111000001111100000100000111101001
10010001101011011111010111011011010011011110001010101011101001100011100101010001111000111000001111100000100000111101001
10010001101011011111010111011011010011011110001010101011101001100011100101010001111000111000001111100000100000111101001
10010001101011011111010111011011010011011110001010101011101001100011100101010001111000111000001111100000100000111101001
10010001101011011111010111011011010011011110001010101011101001100011100101010001111000111000001111100000100000111101001
10010001101011011111010111011011010011011110001010101011101001100011100101010001111000111000001111100000100000111101001
10010001101011011111010111011011010011011110001010101011101001100011100101010001111000111000001111100000100000111101001
10010001101011011111010111011011010011011110001010101011101001100011100101010001111000111000001111100000100000111101001
10010001101011011111010111011011010011011110001010101011101001100011100101010001111000111000001111100000100000111101001
10010001101011011111010111011011010011011110001010101011101001100011100101010001111000111000001111100000100000111101001
10010001101011011111010111011011010011011110001010101011101001100011100101010001111000111000001111100000100000111101001
10010001101011011111010111011011010011011110001010101011101001100011100101010001111000111000001111100000100000111101001
10010001101011011111010111011011010011011110001010101011101001100011100101010001111000111000001111100000100000111101001
10010001101011011111010111011011010011011110001010101011101001100011100101010001111000111000001111100000100000111101001
10010001101011011111010111011011010011011110001010101011101001100011100101010001111000111000001111100000100000111101001
10010001101011011111010111011011010011011110001010101011101001100011100101010001111000111000001111100000100000111101001
10010001101011011111010111011011010011011110001010101011101001100011100101010001111000111000001111100000100000111101001
10010001101011011111010111011011010011011110001010101011101001100011100101010001111000111000001111100000100000111101001
10010001101011011111010111011011010011011110001010101011101001100011100101010001111000111000001111100000100000111101001
10010001101011011111010111011011010011011110001010101011101001100011100101010001111000111000001111100000100000111101001
10010001101011011111010111011011010011011110001010101011101001100011100101010001111000111000001111100000100000111101001
10010001101011011111010111011011010011011110001010101011101001100011100101010001111000111000001111100000100000111101001
10010001101011011111010111011011010011011110001010101011101001100011100101010001111000111000001111100000100000111101001
10010001101011011111010111011011010011011110001010101011101001100011100101010001111000111000001111100000100000111101001
10010001101011011111010111011011010011011110001010101011101001100011100101010001111000111000001111100000100000111101001
10010001101011011111010111011011010011011110001010101011101001100011100101010001111000111000001111100000100000111101001
10010001101011011111010111011011010011011110001010101011101001100011100101010001111000111000001111100000100000111101001
10010001101011011111010111011011010011011110001010101011101001100011100101010001111000111000001111100000100000111101001
10010001101011011111010111011011010011011110001010101011101001100011100101010001111000111000001111100000100000111101001
10010001101011011111010111011011010011011110001010101011101001100011100101010001111000111000001111100000100000111101001
10010001101011011111010111011011010011011110001010101011101001100011100101010001111000111000001111100000100000111101001
10010001101011011111010111011011010011011110001010101011101001100011100101010001111000111000001111100000100000111101001
10010001101011011111010111011011010011011110001010101011101001100011100101010001111000111000001111100000100000111101001
10010001101011011111010111011011010011011110001010101011101001100011100101010001111000111000001111100000100000111101001
10010001101011011111010111011011010011011110001010101011101001100011100101010001111000111000001111100000100000111101001
10010001101011011111010111011011010011011110001010101011101001100011100101010001111000111000001111100000100000111101001
10010001101011011111010111011011010011011110001010101011101001100011100101010001111000111000001111100000100000111101001
10010001101011011111010111011011010011011110001010101011101001100011100101010001111000111000001111100000100000111101001
10010001101011011111010111011011010011011110001010101011101001100011100101010001111000111000001111100000100000111101001
10010001101011011111010111011011010011011110001010101011101001100011100101010001111000111000001111100000100000111101001
10010001101011011111010111011011010011011110001010101011101001100011100101010001111000111000001111100000100000111101001
10010001101011011111010111011011010011011110001010101011101001100011100101010001111000111000001111100000100000111101001
10010001101011011111010111011011010011011110001010101011101001100011100101010001111000111000001111100000100000111101001
10010001101011011111010111011011010011011110001010101011101001100011100101010001111000111000001111100000100000111101001
10010001101011011111010111011011010011011110001010101011101001100011100101010001111000111000001111100000100000111101001
10010001101011011111010111011011010011011110001010101011101001100011100101010001111000111000001111100000100000111101001
10010001101011011111010111011011010011011110001010101011101001100011100101010001111000111000001111100000100000111101001
10010001101011011111010111011011010011011110001010101011101001100011100101010001111000111000001111100000100000111101001
11110010100001110001110000101110001110011010010101110010011011111101110001010111001110110011110001001111100001100100010
10010001101011011111010111011011010011011110001010101011101001100011100101010001111000111000001111100000100000111101001
10010001101011011111010111011011010011011110001010101011101001100011100101010001111000111000001111100000100000111101001
10010001101011011111010111011011010011011110001010101011101001100011100101010001111000111000001111100000100000111101001
11110010100001110001110000101110001110011010010101110010011011111101110001010111001110110011110001001111100001100100010
10010001101011011111010111011011010011011110001010101011101001100011100101010001111000111000001111100000100000111101001
10010001101011011111010111011011010011011110001010101011101001100011100101010001111000111000001111100000100000111101001
10010001101011011111010111011011010011011110001010101011101001100011100101010001111000111000001111100000100000111101001
10010001101011011111010111011011010011011110001010101011101001100011100101010001111000111000001111100000100000111101001
10010001101011011111010111011011010011011110001010101011101001100011100101010001111000111000001111100000100000111101001
10010001101011011111010111011011010011011110001010101011101001100011100101010001111000111000001111100000100000111101001
10010001101011011111010111011011010011011110001010101011101001100011100101010001111000111000001111100000100000111101001
10010001101011011111010111011011010011011110001010101011101001100011100101010001111000111000001111100000100000111101001
10010001101011011111010111011011010011011110001010101011101001100011100101010001111000111000001111100000100000111101001
10010001101011011111010111011011010011011110001010101011101001100011100101010001111000111000001111100000100000111101001
10010001101011011111010111011011010011011110001010101011101001100011100101010001111000111000001111100000100000111101001
10010001101011011111010111011011010011011110001010101011101001100011100101010001111000111000001111100000100000111101001
10010001101011011111010111011011010011011110001010101011101001100011100101010001111000111000001111100000100000111101001
10010001101011011111010111011011010011011110001010101011101001100011100101010001111000111000001111100000100000111101001
10010001101011011111010111011011010011011110001010101011101001100011100101010001111000111000001111100000100000111101001
10010001101011011111010111011011010011011110001010101011101001100011100101010001111000111000001111100000100000111101001
10010001101011011111010111011011010011011110001010101011101001100011100101010001111000111000001111100000100000111101001
10010001101011011111010111011011010011011110001010101011101001100011100101010001111000111000001111100000100000111101001
10010001101011011111010111011011010011011110001010101011101001100011100101010001111000111000001111100000100000111101001
10010001101011011111010111011011010011011110001010101011101001100011100101010001111000111000001111100000100000111101001
10010001101011011111010111011011010011011110001010101011101001100011100101010001111000111000001111100000100000111101001
10010001101011011111010111011011010011011110001010101011101001100011100101010001111000111000001111100000100000111101001
10010001101011011111010111011011010011011110001010101011101001100011100101010001111000111000001111100000100000111101001
10010001101011011111010111011011010011011110001010101011101001100011100101010001111000111000001111100000100000111101001
10010001101011011111010111011011010011011110001010101011101001100011100101010001111000111000001111100000100000111101001
10010001101011011111010111011011010011011110001010101011101001100011100101010001111000111000001111100000100000111101001
10010001101011011111010111011011010011011110001010101011101001100011100101010001111000111000001111100000100000111101001
11110010100001110001110000101110001110011010010101110010011011111101110001010111001110110011110001001111100001100100010
10010001101011011111010111011011010011011110001010101011101001100011100101010001111000111000001111100000100000111101001
10010001101011011111010111011011010011011110001010101011101001100011100101010001111000111000001111100000100000111101001
10010001101011011111010111011011010011011110001010101011101001100011100101010001111000111000001111100000100000111101001
10010001101011011111010111011011010011011110001010101011101001100011100101010001111000111000001111100000100000111101001
10010001101011011111010111011011010011011110001010101011101001100011100101010001111000111000001111100000100000111101001
10010001101011011111010111011011010011011110001010101011101001100011100101010001111000111000001111100000100000111101001
10010001101011011111010111011011010011011110001010101011101001100011100101010001111000111000001111100000100000111101001
10010001101011011111010111011011010011011110001010101011101001100011100101010001111000111000001111100000100000111101001
10010001101011011111010111011011010011011110001010101011101001100011100101010001111000111000001111100000100000111101001
10010001101011011111010111011011010011011110001010101011101001100011100101010001111000111000001111100000100000111101001
11110010100001110001110000101110001110011010010101110010011011111101110001010111001110110011110001001111100001100100010
10010001101011011111010111011011010011011110001010101011101001100011100101010001111000111000001111100000100000111101001
10010001101011011111010111011011010011011110001010101011101001100011100101010001111000111000001111100000100000111101001
10010001101011011111010111011011010011011110001010101011101001100011100101010001111000111000001111100000100000111101001
10010001101011011111010111011011010011011110001010101011101001100011100101010001111000111000001111100000100000111101001
10010001101011011111010111011011010011011110001010101011101001100011100101010001111000111000001111100000100000111101001
10010001101011011111010111011011010011011110001010101011101001100011100101010001111000111000001111100000100000111101001
10010001101011011111010111011011010011011110001010101011101001100011100101010001111000111000001111100000100000111101001
10010001101011011111010111011011010011011110001010101011101001100011100101010001111000111000001111100000100000111101001
10010001101011011111010111011011010011011110001010101011101001100011100101010001111000111000001111100000100000111101001
10010001101011011111010111011011010011011110001010101011101001100011100101010001111000111000001111100000100000111101001
10010001101011011111010111011011010011011110001010101011101001100011100101010001111000111000001111100000100000111101001
11110010100001110001110000101110001110011010010101110010011011111101110001010111001110110011110001001111100001100100010
10010001101011011111010111011011010011011110001010101011101001100011100101010001111000111000001111100000100000111101001
10010001101011011111010111011011010011011110001010101011101001100011100101010001111000111000001111100000100000111101001
10010001101011011111010111011011010011011110001010101011101001100011100101010001111000111000001111100000100000111101001
10010001101011011111010111011011010011011110001010101011101001100011100101010001111000111000001111100000100000111101001
10010001101011011111010111011011010011011110001010101011101001100011100101010001111000111000001111100000100000111101001
10010001101011011111010111011011010011011110001010101011101001100011100101010001111000111000001111100000100000111101001
10010001101011011111010111011011010011011110001010101011101001100011100101010001111000111000001111100000100000111101001
10010001101011011111010111011011010011011110001010101011101001100011100101010001111000111000001111100000100000111101001
10010001101011011111010111011011010011011110001010101011101001100011100101010001111000111000001111100000100000111101001
10010001101011011111010111011011010011011110001010101011101001100011100101010001111000111000001111100000100000111101001
10010001101011011111010111011011010011011110001010101011101001100011100101010001111000111000001111100000100000111101001
10010001101011011111010111011011010011011110001010101011101001100011100101010001111000111000001111100000100000111101001
10010001101011011111010111011011010011011110001010101011101001100011100101010001111000111000001111100000100000111101001
10010001101011011111010111011011010011011110001010101011101001100011100101010001111000111000001111100000100000111101001
10010001101011011111010111011011010011011110001010101011101001100011100101010001111000111000001111100000100000111101001
10010001101011011111010111011011010011011110001010101011101001100011100101010001111000111000001111100000100000111101001
10010001101011011111010111011011010011011110001010101011101001100011100101010001111000111000001111100000100000111101001
10010001101011011111010111011011010011011110001010101011101001100011100101010001111000111000001111100000100000111101001
10010001101011011111010111011011010011011110001010101011101001100011100101010001111000111000001111100000100000111101001
10010001101011011111010111011011010011011110001010101011101001100011100101010001111000111000001111100000100000111101001
10010001101011011111010111011011010011011110001010101011101001100011100101010001111000111000001111100000100000111101001
10010001101011011111010111011011010011011110001010101011101001100011100101010001111000111000001111100000100000111101001
10010001101011011111010111011011010011011110001010101011101001100011100101010001111000111000001111100000100000111101001
10010001101011011111010111011011010011011110001010101011101001100011100101010001111000111000001111100000100000111101001
10010001101011011111010111011011010011011110001010101011101001100011100101010001111000111000001111100000100000111101001
10010001101011011111010111011011010011011110001010101011101001100011100101010001111000111000001111100000100000111101001
10010001101011011111010111011011010011011110001010101011101001100011100101010001111000111000001111100000100000111101001
