11100010010100010010111100110100110100111110001010110101101001000001010001001010000101111100000001010001011111100100101100100111010011000010101010001101101001011000100111110001111101101
11100010010100010010111100110100110100111110001010110101101001000001010001001010000101111100000001010001011111100100101100100111010011000010101010001101101001011000100111110001111101101
11100010010100010010111100110100110100111110001010110101101001000001010001001010000101111100000001010001011111100100101100100111010011000010101010001101101001011000100111110001111101101
11100010010100010010111100110100110100111110001010110101101001000001010001001010000101111100000001010001011111100100101100100111010011000010101010001101101001011000100111110001111101101
11100010010100010010111100110100110100111110001010110101101001000001010001001010000101111100000001010001011111100100101100100111010011000010101010001101101001011000100111110001111101101
10100001111100000011001101001100011100000001100110011010011110000111000001000100000000101101000011110110001000110110001010110011011010100011011100100100110101001111100110001101010010111
10100001111100000011001101001100011100000001100110011010011110000111000001000100000000101101000011110110001000110110001010110011011010100011011100100100110101001111100110001101010010111
10100001111100000011001101001100011100000001100110011010011110000111000001000100000000101101000011110110001000110110001010110011011010100011011100100100110101001111100110001101010010111
10100001111100000011001101001100011100000001100110011010011110000111000001000100000000101101000011110110001000110110001010110011011010100011011100100100110101001111100110001101010010111
11100010010100010010111100110100110100111110001010110101101001000001010001001010000101111100000001010001011111100100101100100111010011000010101010001101101001011000100111110001111101101
11100010010100010010111100110100110100111110001010110101101001000001010001001010000101111100000001010001011111100100101100100111010011000010101010001101101001011000100111110001111101101
10100001111100000011001101001100011100000001100110011010011110000111000001000100000000101101000011110110001000110110001010110011011010100011011100100100110101001111100110001101010010111
10100001111100000011001101001100011100000001100110011010011110000111000001000100000000101101000011110110001000110110001010110011011010100011011100100100110101001111100110001101010010111
11100010010100010010111100110100110100111110001010110101101001000001010001001010000101111100000001010001011111100100101100100111010011000010101010001101101001011000100111110001111101101
10100001111100000011001101001100011100000001100110011010011110000111000001000100000000101101000011110110001000110110001010110011011010100011011100100100110101001111100110001101010010111
10100001111100000011001101001100011100000001100110011010011110000111000001000100000000101101000011110110001000110110001010110011011010100011011100100100110101001111100110001101010010111
10100001111100000011001101001100011100000001100110011010011110000111000001000100000000101101000011110110001000110110001010110011011010100011011100100100110101001111100110001101010010111
11100010010100010010111100110100110100111110001010110101101001000001010001001010000101111100000001010001011111100100101100100111010011000010101010001101101001011000100111110001111101101
10100001111100000011001101001100011100000001100110011010011110000111000001000100000000101101000011110110001000110110001010110011011010100011011100100100110101001111100110001101010010111
10100001111100000011001101001100011100000001100110011010011110000111000001000100000000101101000011110110001000110110001010110011011010100011011100100100110101001111100110001101010010111
10100001111100000011001101001100011100000001100110011010011110000111000001000100000000101101000011110110001000110110001010110011011010100011011100100100110101001111100110001101010010111
10100001111100000011001101001100011100000001100110011010011110000111000001000100000000101101000011110110001000110110001010110011011010100011011100100100110101001111100110001101010010111
10100001111100000011001101001100011100000001100110011010011110000111000001000100000000101101000011110110001000110110001010110011011010100011011100100100110101001111100110001101010010111
11100010010100010010111100110100110100111110001010110101101001000001010001001010000101111100000001010001011111100100101100100111010011000010101010001101101001011000100111110001111101101
10100001111100000011001101001100011100000001100110011010011110000111000001000100000000101101000011110110001000110110001010110011011010100011011100100100110101001111100110001101010010111
10100001111100000011001101001100011100000001100110011010011110000111000001000100000000101101000011110110001000110110001010110011011010100011011100100100110101001111100110001101010010111
10100001111100000011001101001100011100000001100110011010011110000111000001000100000000101101000011110110001000110110001010110011011010100011011100100100110101001111100110001101010010111
11100010010100010010111100110100110100111110001010110101101001000001010001001010000101111100000001010001011111100100101100100111010011000010101010001101101001011000100111110001111101101
10100001111100000011001101001100011100000001100110011010011110000111000001000100000000101101000011110110001000110110001010110011011010100011011100100100110101001111100110001101010010111
11100010010100010010111100110100110100111110001010110101101001000001010001001010000101111100000001010001011111100100101100100111010011000010101010001101101001011000100111110001111101101
10100001111100000011001101001100011100000001100110011010011110000111000001000100000000101101000011110110001000110110001010110011011010100011011100100100110101001111100110001101010010111
11100010010100010010111100110100110100111110001010110101101001000001010001001010000101111100000001010001011111100100101100100111010011000010101010001101101001011000100111110001111101101
11100010010100010010111100110100110100111110001010110101101001000001010001001010000101111100000001010001011111100100101100100111010011000010101010001101101001011000100111110001111101101
11100010010100010010111100110100110100111110001010110101101001000001010001001010000101111100000001010001011111100100101100100111010011000010101010001101101001011000100111110001111101101
10100001111100000011001101001100011100000001100110011010011110000111000001000100000000101101000011110110001000110110001010110011011010100011011100100100110101001111100110001101010010111
