01111011111111111111111111111111111111111110111111111111111110111111111111111111111110111111111110101111111111111111111111110111111111111110111111111111111111101111111101110111111111111111111111111111111011101111111111
01111011111111111111111111111111111111111110111111111111111110111111111111111111111110111111111110101111111111111111111111110111111111111110111111111111111111101111111101110111111111111111111111111111111011101111111111
01111011111111111111111111111111111111111110111111111111111110111111111111111111111110111111111110101111111111111111111111110111111111111110111111111111111111101111111101110111111111111111111111111111111011101111111111
10111111111111101111111111111011111011111111111111111111111111111111111111111111111111111111111111111111110111111111110111111111111110111111111111111111111111111111111111111111111111111111111111111111111111111011111111
10111111111111101111111111111011111011111111111111111111111111111111111111111111111111111111111111111111110111111111110111111111111110111111111111111111111111111111111111111111111111111111111111111111111111111011111111
01111011111111111111111111111111111111111110111111111111111110111111111111111111111110111111111110101111111111111111111111110111111111111110111111111111111111101111111101110111111111111111111111111111111011101111111111
01111011111111111111111111111111111111111110111111111111111110111111111111111111111110111111111110101111111111111111111111110111111111111110111111111111111111101111111101110111111111111111111111111111111011101111111111
01111011111111111111111111111111111111111110111111111111111110111111111111111111111110111111111110101111111111111111111111110111111111111110111111111111111111101111111101110111111111111111111111111111111011101111111111
10111111111111101111111111111011111011111111111111111111111111111111111111111111111111111111111111111111110111111111110111111111111110111111111111111111111111111111111111111111111111111111111111111111111111111011111111
10111111111111101111111111111011111011111111111111111111111111111111111111111111111111111111111111111111110111111111110111111111111110111111111111111111111111111111111111111111111111111111111111111111111111111011111111
01111011111111111111111111111111111111111110111111111111111110111111111111111111111110111111111110101111111111111111111111110111111111111110111111111111111111101111111101110111111111111111111111111111111011101111111111
01111011111111111111111111111111111111111110111111111111111110111111111111111111111110111111111110101111111111111111111111110111111111111110111111111111111111101111111101110111111111111111111111111111111011101111111111
01111011111111111111111111111111111111111110111111111111111110111111111111111111111110111111111110101111111111111111111111110111111111111110111111111111111111101111111101110111111111111111111111111111111011101111111111
01111011111111111111111111111111111111111110111111111111111110111111111111111111111110111111111110101111111111111111111111110111111111111110111111111111111111101111111101110111111111111111111111111111111011101111111111
01111011111111111111111111111111111111111110111111111111111110111111111111111111111110111111111110101111111111111111111111110111111111111110111111111111111111101111111101110111111111111111111111111111111011101111111111
01111011111111111111111111111111111111111110111111111111111110111111111111111111111110111111111110101111111111111111111111110111111111111110111111111111111111101111111101110111111111111111111111111111111011101111111111
01111011111111111111111111111111111111111110111111111111111110111111111111111111111110111111111110101111111111111111111111110111111111111110111111111111111111101111111101110111111111111111111111111111111011101111111111
10111111111111101111111111111011111011111111111111111111111111111111111111111111111111111111111111111111110111111111110111111111111110111111111111111111111111111111111111111111111111111111111111111111111111111011111111
01111011111111111111111111111111111111111110111111111111111110111111111111111111111110111111111110101111111111111111111111110111111111111110111111111111111111101111111101110111111111111111111111111111111011101111111111
10111111111111101111111111111011111011111111111111111111111111111111111111111111111111111111111111111111110111111111110111111111111110111111111111111111111111111111111111111111111111111111111111111111111111111011111111
01111011111111111111111111111111111111111110111111111111111110111111111111111111111110111111111110101111111111111111111111110111111111111110111111111111111111101111111101110111111111111111111111111111111011101111111111
01111011111111111111111111111111111111111110111111111111111110111111111111111111111110111111111110101111111111111111111111110111111111111110111111111111111111101111111101110111111111111111111111111111111011101111111111
01111011111111111111111111111111111111111110111111111111111110111111111111111111111110111111111110101111111111111111111111110111111111111110111111111111111111101111111101110111111111111111111111111111111011101111111111
10111111111111101111111111111011111011111111111111111111111111111111111111111111111111111111111111111111110111111111110111111111111110111111111111111111111111111111111111111111111111111111111111111111111111111011111111
01111011111111111111111111111111111111111110111111111111111110111111111111111111111110111111111110101111111111111111111111110111111111111110111111111111111111101111111101110111111111111111111111111111111011101111111111
10111111111111101111111111111011111011111111111111111111111111111111111111111111111111111111111111111111110111111111110111111111111110111111111111111111111111111111111111111111111111111111111111111111111111111011111111
10111111111111101111111111111011111011111111111111111111111111111111111111111111111111111111111111111111110111111111110111111111111110111111111111111111111111111111111111111111111111111111111111111111111111111011111111
01111011111111111111111111111111111111111110111111111111111110111111111111111111111110111111111110101111111111111111111111110111111111111110111111111111111111101111111101110111111111111111111111111111111011101111111111
10111111111111101111111111111011111011111111111111111111111111111111111111111111111111111111111111111111110111111111110111111111111110111111111111111111111111111111111111111111111111111111111111111111111111111011111111
01111011111111111111111111111111111111111110111111111111111110111111111111111111111110111111111110101111111111111111111111110111111111111110111111111111111111101111111101110111111111111111111111111111111011101111111111
01111011111111111111111111111111111111111110111111111111111110111111111111111111111110111111111110101111111111111111111111110111111111111110111111111111111111101111111101110111111111111111111111111111111011101111111111
01111011111111111111111111111111111111111110111111111111111110111111111111111111111110111111111110101111111111111111111111110111111111111110111111111111111111101111111101110111111111111111111111111111111011101111111111
10111111111111101111111111111011111011111111111111111111111111111111111111111111111111111111111111111111110111111111110111111111111110111111111111111111111111111111111111111111111111111111111111111111111111111011111111
01111011111111111111111111111111111111111110111111111111111110111111111111111111111110111111111110101111111111111111111111110111111111111110111111111111111111101111111101110111111111111111111111111111111011101111111111
01111011111111111111111111111111111111111110111111111111111110111111111111111111111110111111111110101111111111111111111111110111111111111110111111111111111111101111111101110111111111111111111111111111111011101111111111
10111111111111101111111111111011111011111111111111111111111111111111111111111111111111111111111111111111110111111111110111111111111110111111111111111111111111111111111111111111111111111111111111111111111111111011111111
10111111111111101111111111111011111011111111111111111111111111111111111111111111111111111111111111111111110111111111110111111111111110111111111111111111111111111111111111111111111111111111111111111111111111111011111111
10111111111111101111111111111011111011111111111111111111111111111111111111111111111111111111111111111111110111111111110111111111111110111111111111111111111111111111111111111111111111111111111111111111111111111011111111
10111111111111101111111111111011111011111111111111111111111111111111111111111111111111111111111111111111110111111111110111111111111110111111111111111111111111111111111111111111111111111111111111111111111111111011111111
01111011111111111111111111111111111111111110111111111111111110111111111111111111111110111111111110101111111111111111111111110111111111111110111111111111111111101111111101110111111111111111111111111111111011101111111111
01111011111111111111111111111111111111111110111111111111111110111111111111111111111110111111111110101111111111111111111111110111111111111110111111111111111111101111111101110111111111111111111111111111111011101111111111
01111011111111111111111111111111111111111110111111111111111110111111111111111111111110111111111110101111111111111111111111110111111111111110111111111111111111101111111101110111111111111111111111111111111011101111111111
01111011111111111111111111111111111111111110111111111111111110111111111111111111111110111111111110101111111111111111111111110111111111111110111111111111111111101111111101110111111111111111111111111111111011101111111111
01111011111111111111111111111111111111111110111111111111111110111111111111111111111110111111111110101111111111111111111111110111111111111110111111111111111111101111111101110111111111111111111111111111111011101111111111
01111011111111111111111111111111111111111110111111111111111110111111111111111111111110111111111110101111111111111111111111110111111111111110111111111111111111101111111101110111111111111111111111111111111011101111111111
01111011111111111111111111111111111111111110111111111111111110111111111111111111111110111111111110101111111111111111111111110111111111111110111111111111111111101111111101110111111111111111111111111111111011101111111111
01111011111111111111111111111111111111111110111111111111111110111111111111111111111110111111111110101111111111111111111111110111111111111110111111111111111111101111111101110111111111111111111111111111111011101111111111
01111011111111111111111111111111111111111110111111111111111110111111111111111111111110111111111110101111111111111111111111110111111111111110111111111111111111101111111101110111111111111111111111111111111011101111111111
10111111111111101111111111111011111011111111111111111111111111111111111111111111111111111111111111111111110111111111110111111111111110111111111111111111111111111111111111111111111111111111111111111111111111111011111111
