111111111111111111111011111111111111101111101111111011111111011111111111111111111
111111111111111111111011111111111111101111101111111011111111011111111111111111111
111111111111111111111111111111111111111011111111111110111111111111111111111111111
111111111111111111111011111111111111101111101111111011111111011111111111111111111
111111111111111111111011111111111111101111101111111011111111011111111111111111111
111111111111111111111111111111111111111011111111111110111111111111111111111111111
111111111111111111111011111111111111101111101111111011111111011111111111111111111
111111111111111111111111111111111111111011111111111110111111111111111111111111111
111111111111111111111111111111111111111011111111111110111111111111111111111111111
111111111111111111111011111111111111101111101111111011111111011111111111111111111
111111111111111111111111111111111111111011111111111110111111111111111111111111111
111111111111111111111011111111111111101111101111111011111111011111111111111111111
111111111111111111111011111111111111101111101111111011111111011111111111111111111
111111111111111111111011111111111111101111101111111011111111011111111111111111111
111111111111111111111011111111111111101111101111111011111111011111111111111111111
111111111111111111111011111111111111101111101111111011111111011111111111111111111
111111111111111111111011111111111111101111101111111011111111011111111111111111111
111111111111111111111111111111111111111011111111111110111111111111111111111111111
111111111111111111111111111111111111111011111111111110111111111111111111111111111
111111111111111111111011111111111111101111101111111011111111011111111111111111111
111111111111111111111011111111111111101111101111111011111111011111111111111111111
111111111111111111111111111111111111111011111111111110111111111111111111111111111
111111111111111111111111111111111111111011111111111110111111111111111111111111111
111111111111111111111111111111111111111011111111111110111111111111111111111111111
111111111111111111111111111111111111111011111111111110111111111111111111111111111
111111111111111111111011111111111111101111101111111011111111011111111111111111111
111111111111111111111111111111111111111011111111111110111111111111111111111111111
111111111111111111111111111111111111111011111111111110111111111111111111111111111
111111111111111111111111111111111111111011111111111110111111111111111111111111111
111111111111111111111011111111111111101111101111111011111111011111111111111111111
111111111111111111111111111111111111111011111111111110111111111111111111111111111
111111111111111111111011111111111111101111101111111011111111011111111111111111111
111111111111111111111111111111111111111011111111111110111111111111111111111111111
111111111111111111111111111111111111111011111111111110111111111111111111111111111
111111111111111111111011111111111111101111101111111011111111011111111111111111111
111111111111111111111111111111111111111011111111111110111111111111111111111111111
111111111111111111111111111111111111111011111111111110111111111111111111111111111
111111111111111111111011111111111111101111101111111011111111011111111111111111111
111111111111111111111011111111111111101111101111111011111111011111111111111111111
111111111111111111111011111111111111101111101111111011111111011111111111111111111
111111111111111111111111111111111111111011111111111110111111111111111111111111111
111111111111111111111111111111111111111011111111111110111111111111111111111111111
111111111111111111111011111111111111101111101111111011111111011111111111111111111
111111111111111111111111111111111111111011111111111110111111111111111111111111111
111111111111111111111011111111111111101111101111111011111111011111111111111111111
111111111111111111111111111111111111111011111111111110111111111111111111111111111
111111111111111111111111111111111111111011111111111110111111111111111111111111111
111111111111111111111011111111111111101111101111111011111111011111111111111111111
111111111111111111111111111111111111111011111111111110111111111111111111111111111
111111111111111111111011111111111111101111101111111011111111011111111111111111111
111111111111111111111111111111111111111011111111111110111111111111111111111111111
111111111111111111111011111111111111101111101111111011111111011111111111111111111
111111111111111111111011111111111111101111101111111011111111011111111111111111111
111111111111111111111111111111111111111011111111111110111111111111111111111111111
111111111111111111111011111111111111101111101111111011111111011111111111111111111
111111111111111111111011111111111111101111101111111011111111011111111111111111111
111111111111111111111111111111111111111011111111111110111111111111111111111111111
111111111111111111111111111111111111111011111111111110111111111111111111111111111
111111111111111111111111111111111111111011111111111110111111111111111111111111111
111111111111111111111111111111111111111011111111111110111111111111111111111111111
111111111111111111111111111111111111111011111111111110111111111111111111111111111
111111111111111111111111111111111111111011111111111110111111111111111111111111111
111111111111111111111111111111111111111011111111111110111111111111111111111111111
111111111111111111111011111111111111101111101111111011111111011111111111111111111
111111111111111111111011111111111111101111101111111011111111011111111111111111111
111111111111111111111011111111111111101111101111111011111111011111111111111111111
111111111111111111111011111111111111101111101111111011111111011111111111111111111
111111111111111111111011111111111111101111101111111011111111011111111111111111111
111111111111111111111011111111111111101111101111111011111111011111111111111111111
111111111111111111111111111111111111111011111111111110111111111111111111111111111
111111111111111111111111111111111111111011111111111110111111111111111111111111111
111111111111111111111111111111111111111011111111111110111111111111111111111111111
111111111111111111111011111111111111101111101111111011111111011111111111111111111
