000100010101000000010010100010100010001110000110100010010000000000000001100010000000001000000101001001000000001100000101010000000000010000001111000
000100010101000000010010100010100010001110000110100010010000000000000001100010000000001000000101001001000000001100000101010000000000010000001111000
000100010101000000010010100010100010001110000110100010010000000000000001100010000000001000000101001001000000001100000101010000000000010000001111000
000110100000010010000100000000101000000010000000000000010001000000000010000011110011001000000100010000000001100010000110010010110100000000100010110
000110100000010010000100000000101000000010000000000000010001000000000010000011110011001000000100010000000001100010000110010010110100000000100010110
000100010101000000010010100010100010001110000110100010010000000000000001100010000000001000000101001001000000001100000101010000000000010000001111000
000100010101000000010010100010100010001110000110100010010000000000000001100010000000001000000101001001000000001100000101010000000000010000001111000
000100010101000000010010100010100010001110000110100010010000000000000001100010000000001000000101001001000000001100000101010000000000010000001111000
000100010101000000010010100010100010001110000110100010010000000000000001100010000000001000000101001001000000001100000101010000000000010000001111000
000110100000010010000100000000101000000010000000000000010001000000000010000011110011001000000100010000000001100010000110010010110100000000100010110
000110100000010010000100000000101000000010000000000000010001000000000010000011110011001000000100010000000001100010000110010010110100000000100010110
000100010101000000010010100010100010001110000110100010010000000000000001100010000000001000000101001001000000001100000101010000000000010000001111000
000110100000010010000100000000101000000010000000000000010001000000000010000011110011001000000100010000000001100010000110010010110100000000100010110
000110100000010010000100000000101000000010000000000000010001000000000010000011110011001000000100010000000001100010000110010010110100000000100010110
000100010101000000010010100010100010001110000110100010010000000000000001100010000000001000000101001001000000001100000101010000000000010000001111000
000100010101000000010010100010100010001110000110100010010000000000000001100010000000001000000101001001000000001100000101010000000000010000001111000
000110100000010010000100000000101000000010000000000000010001000000000010000011110011001000000100010000000001100010000110010010110100000000100010110
000100010101000000010010100010100010001110000110100010010000000000000001100010000000001000000101001001000000001100000101010000000000010000001111000
000100010101000000010010100010100010001110000110100010010000000000000001100010000000001000000101001001000000001100000101010000000000010000001111000
000100010101000000010010100010100010001110000110100010010000000000000001100010000000001000000101001001000000001100000101010000000000010000001111000
000100010101000000010010100010100010001110000110100010010000000000000001100010000000001000000101001001000000001100000101010000000000010000001111000
000110100000010010000100000000101000000010000000000000010001000000000010000011110011001000000100010000000001100010000110010010110100000000100010110
000100010101000000010010100010100010001110000110100010010000000000000001100010000000001000000101001001000000001100000101010000000000010000001111000
000100010101000000010010100010100010001110000110100010010000000000000001100010000000001000000101001001000000001100000101010000000000010000001111000
000100010101000000010010100010100010001110000110100010010000000000000001100010000000001000000101001001000000001100000101010000000000010000001111000
000100010101000000010010100010100010001110000110100010010000000000000001100010000000001000000101001001000000001100000101010000000000010000001111000
000100010101000000010010100010100010001110000110100010010000000000000001100010000000001000000101001001000000001100000101010000000000010000001111000
000100010101000000010010100010100010001110000110100010010000000000000001100010000000001000000101001001000000001100000101010000000000010000001111000
000100010101000000010010100010100010001110000110100010010000000000000001100010000000001000000101001001000000001100000101010000000000010000001111000
000100010101000000010010100010100010001110000110100010010000000000000001100010000000001000000101001001000000001100000101010000000000010000001111000
000100010101000000010010100010100010001110000110100010010000000000000001100010000000001000000101001001000000001100000101010000000000010000001111000
000100010101000000010010100010100010001110000110100010010000000000000001100010000000001000000101001001000000001100000101010000000000010000001111000
000100010101000000010010100010100010001110000110100010010000000000000001100010000000001000000101001001000000001100000101010000000000010000001111000
000110100000010010000100000000101000000010000000000000010001000000000010000011110011001000000100010000000001100010000110010010110100000000100010110
000100010101000000010010100010100010001110000110100010010000000000000001100010000000001000000101001001000000001100000101010000000000010000001111000
000110100000010010000100000000101000000010000000000000010001000000000010000011110011001000000100010000000001100010000110010010110100000000100010110
000100010101000000010010100010100010001110000110100010010000000000000001100010000000001000000101001001000000001100000101010000000000010000001111000
000110100000010010000100000000101000000010000000000000010001000000000010000011110011001000000100010000000001100010000110010010110100000000100010110
000110100000010010000100000000101000000010000000000000010001000000000010000011110011001000000100010000000001100010000110010010110100000000100010110
000110100000010010000100000000101000000010000000000000010001000000000010000011110011001000000100010000000001100010000110010010110100000000100010110
000100010101000000010010100010100010001110000110100010010000000000000001100010000000001000000101001001000000001100000101010000000000010000001111000
000100010101000000010010100010100010001110000110100010010000000000000001100010000000001000000101001001000000001100000101010000000000010000001111000
000100010101000000010010100010100010001110000110100010010000000000000001100010000000001000000101001001000000001100000101010000000000010000001111000
000110100000010010000100000000101000000010000000000000010001000000000010000011110011001000000100010000000001100010000110010010110100000000100010110
000100010101000000010010100010100010001110000110100010010000000000000001100010000000001000000101001001000000001100000101010000000000010000001111000
000110100000010010000100000000101000000010000000000000010001000000000010000011110011001000000100010000000001100010000110010010110100000000100010110
000110100000010010000100000000101000000010000000000000010001000000000010000011110011001000000100010000000001100010000110010010110100000000100010110
000110100000010010000100000000101000000010000000000000010001000000000010000011110011001000000100010000000001100010000110010010110100000000100010110
000110100000010010000100000000101000000010000000000000010001000000000010000011110011001000000100010000000001100010000110010010110100000000100010110
000100010101000000010010100010100010001110000110100010010000000000000001100010000000001000000101001001000000001100000101010000000000010000001111000
000100010101000000010010100010100010001110000110100010010000000000000001100010000000001000000101001001000000001100000101010000000000010000001111000
000110100000010010000100000000101000000010000000000000010001000000000010000011110011001000000100010000000001100010000110010010110100000000100010110
000110100000010010000100000000101000000010000000000000010001000000000010000011110011001000000100010000000001100010000110010010110100000000100010110
000100010101000000010010100010100010001110000110100010010000000000000001100010000000001000000101001001000000001100000101010000000000010000001111000
000100010101000000010010100010100010001110000110100010010000000000000001100010000000001000000101001001000000001100000101010000000000010000001111000
000100010101000000010010100010100010001110000110100010010000000000000001100010000000001000000101001001000000001100000101010000000000010000001111000
000100010101000000010010100010100010001110000110100010010000000000000001100010000000001000000101001001000000001100000101010000000000010000001111000
000100010101000000010010100010100010001110000110100010010000000000000001100010000000001000000101001001000000001100000101010000000000010000001111000
000100010101000000010010100010100010001110000110100010010000000000000001100010000000001000000101001001000000001100000101010000000000010000001111000
000110100000010010000100000000101000000010000000000000010001000000000010000011110011001000000100010000000001100010000110010010110100000000100010110
000110100000010010000100000000101000000010000000000000010001000000000010000011110011001000000100010000000001100010000110010010110100000000100010110
000100010101000000010010100010100010001110000110100010010000000000000001100010000000001000000101001001000000001100000101010000000000010000001111000
000100010101000000010010100010100010001110000110100010010000000000000001100010000000001000000101001001000000001100000101010000000000010000001111000
000100010101000000010010100010100010001110000110100010010000000000000001100010000000001000000101001001000000001100000101010000000000010000001111000
000110100000010010000100000000101000000010000000000000010001000000000010000011110011001000000100010000000001100010000110010010110100000000100010110
000100010101000000010010100010100010001110000110100010010000000000000001100010000000001000000101001001000000001100000101010000000000010000001111000
000100010101000000010010100010100010001110000110100010010000000000000001100010000000001000000101001001000000001100000101010000000000010000001111000
000100010101000000010010100010100010001110000110100010010000000000000001100010000000001000000101001001000000001100000101010000000000010000001111000
000110100000010010000100000000101000000010000000000000010001000000000010000011110011001000000100010000000001100010000110010010110100000000100010110
000110100000010010000100000000101000000010000000000000010001000000000010000011110011001000000100010000000001100010000110010010110100000000100010110
000100010101000000010010100010100010001110000110100010010000000000000001100010000000001000000101001001000000001100000101010000000000010000001111000
000100010101000000010010100010100010001110000110100010010000000000000001100010000000001000000101001001000000001100000101010000000000010000001111000
000100010101000000010010100010100010001110000110100010010000000000000001100010000000001000000101001001000000001100000101010000000000010000001111000
000100010101000000010010100010100010001110000110100010010000000000000001100010000000001000000101001001000000001100000101010000000000010000001111000
000110100000010010000100000000101000000010000000000000010001000000000010000011110011001000000100010000000001100010000110010010110100000000100010110
000100010101000000010010100010100010001110000110100010010000000000000001100010000000001000000101001001000000001100000101010000000000010000001111000
000100010101000000010010100010100010001110000110100010010000000000000001100010000000001000000101001001000000001100000101010000000000010000001111000
000110100000010010000100000000101000000010000000000000010001000000000010000011110011001000000100010000000001100010000110010010110100000000100010110
000100010101000000010010100010100010001110000110100010010000000000000001100010000000001000000101001001000000001100000101010000000000010000001111000
000110100000010010000100000000101000000010000000000000010001000000000010000011110011001000000100010000000001100010000110010010110100000000100010110
000100010101000000010010100010100010001110000110100010010000000000000001100010000000001000000101001001000000001100000101010000000000010000001111000
000100010101000000010010100010100010001110000110100010010000000000000001100010000000001000000101001001000000001100000101010000000000010000001111000
000100010101000000010010100010100010001110000110100010010000000000000001100010000000001000000101001001000000001100000101010000000000010000001111000
000110100000010010000100000000101000000010000000000000010001000000000010000011110011001000000100010000000001100010000110010010110100000000100010110
000100010101000000010010100010100010001110000110100010010000000000000001100010000000001000000101001001000000001100000101010000000000010000001111000
000100010101000000010010100010100010001110000110100010010000000000000001100010000000001000000101001001000000001100000101010000000000010000001111000
000110100000010010000100000000101000000010000000000000010001000000000010000011110011001000000100010000000001100010000110010010110100000000100010110
000110100000010010000100000000101000000010000000000000010001000000000010000011110011001000000100010000000001100010000110010010110100000000100010110
000110100000010010000100000000101000000010000000000000010001000000000010000011110011001000000100010000000001100010000110010010110100000000100010110
000100010101000000010010100010100010001110000110100010010000000000000001100010000000001000000101001001000000001100000101010000000000010000001111000
000110100000010010000100000000101000000010000000000000010001000000000010000011110011001000000100010000000001100010000110010010110100000000100010110
000100010101000000010010100010100010001110000110100010010000000000000001100010000000001000000101001001000000001100000101010000000000010000001111000
000100010101000000010010100010100010001110000110100010010000000000000001100010000000001000000101001001000000001100000101010000000000010000001111000
