000111010110001100100000001011000101011011011101101001110001000000001111101111000111101011111110011000101001100100100010
000001001111101111100010011001001010110010110001011100101101101000101101100111010000010111100111100000100010011110001010
000001001111101111100010011001001010110010110001011100101101101000101101100111010000010111100111100000100010011110001010
000111010110001100100000001011000101011011011101101001110001000000001111101111000111101011111110011000101001100100100010
000001001111101111100010011001001010110010110001011100101101101000101101100111010000010111100111100000100010011110001010
000111010110001100100000001011000101011011011101101001110001000000001111101111000111101011111110011000101001100100100010
000001001111101111100010011001001010110010110001011100101101101000101101100111010000010111100111100000100010011110001010
000111010110001100100000001011000101011011011101101001110001000000001111101111000111101011111110011000101001100100100010
000111010110001100100000001011000101011011011101101001110001000000001111101111000111101011111110011000101001100100100010
000111010110001100100000001011000101011011011101101001110001000000001111101111000111101011111110011000101001100100100010
000001001111101111100010011001001010110010110001011100101101101000101101100111010000010111100111100000100010011110001010
000111010110001100100000001011000101011011011101101001110001000000001111101111000111101011111110011000101001100100100010
000111010110001100100000001011000101011011011101101001110001000000001111101111000111101011111110011000101001100100100010
000111010110001100100000001011000101011011011101101001110001000000001111101111000111101011111110011000101001100100100010
000111010110001100100000001011000101011011011101101001110001000000001111101111000111101011111110011000101001100100100010
000111010110001100100000001011000101011011011101101001110001000000001111101111000111101011111110011000101001100100100010
000001001111101111100010011001001010110010110001011100101101101000101101100111010000010111100111100000100010011110001010
000111010110001100100000001011000101011011011101101001110001000000001111101111000111101011111110011000101001100100100010
000111010110001100100000001011000101011011011101101001110001000000001111101111000111101011111110011000101001100100100010
000001001111101111100010011001001010110010110001011100101101101000101101100111010000010111100111100000100010011110001010
000001001111101111100010011001001010110010110001011100101101101000101101100111010000010111100111100000100010011110001010
000111010110001100100000001011000101011011011101101001110001000000001111101111000111101011111110011000101001100100100010
000111010110001100100000001011000101011011011101101001110001000000001111101111000111101011111110011000101001100100100010
000001001111101111100010011001001010110010110001011100101101101000101101100111010000010111100111100000100010011110001010
000111010110001100100000001011000101011011011101101001110001000000001111101111000111101011111110011000101001100100100010
000111010110001100100000001011000101011011011101101001110001000000001111101111000111101011111110011000101001100100100010
000111010110001100100000001011000101011011011101101001110001000000001111101111000111101011111110011000101001100100100010
000111010110001100100000001011000101011011011101101001110001000000001111101111000111101011111110011000101001100100100010
000001001111101111100010011001001010110010110001011100101101101000101101100111010000010111100111100000100010011110001010
000001001111101111100010011001001010110010110001011100101101101000101101100111010000010111100111100000100010011110001010
000111010110001100100000001011000101011011011101101001110001000000001111101111000111101011111110011000101001100100100010
000111010110001100100000001011000101011011011101101001110001000000001111101111000111101011111110011000101001100100100010
000001001111101111100010011001001010110010110001011100101101101000101101100111010000010111100111100000100010011110001010
000111010110001100100000001011000101011011011101101001110001000000001111101111000111101011111110011000101001100100100010
000001001111101111100010011001001010110010110001011100101101101000101101100111010000010111100111100000100010011110001010
000111010110001100100000001011000101011011011101101001110001000000001111101111000111101011111110011000101001100100100010
000111010110001100100000001011000101011011011101101001110001000000001111101111000111101011111110011000101001100100100010
000001001111101111100010011001001010110010110001011100101101101000101101100111010000010111100111100000100010011110001010
000001001111101111100010011001001010110010110001011100101101101000101101100111010000010111100111100000100010011110001010
000001001111101111100010011001001010110010110001011100101101101000101101100111010000010111100111100000100010011110001010
000001001111101111100010011001001010110010110001011100101101101000101101100111010000010111100111100000100010011110001010
000001001111101111100010011001001010110010110001011100101101101000101101100111010000010111100111100000100010011110001010
000111010110001100100000001011000101011011011101101001110001000000001111101111000111101011111110011000101001100100100010
000001001111101111100010011001001010110010110001011100101101101000101101100111010000010111100111100000100010011110001010
000001001111101111100010011001001010110010110001011100101101101000101101100111010000010111100111100000100010011110001010
000001001111101111100010011001001010110010110001011100101101101000101101100111010000010111100111100000100010011110001010
000111010110001100100000001011000101011011011101101001110001000000001111101111000111101011111110011000101001100100100010
000111010110001100100000001011000101011011011101101001110001000000001111101111000111101011111110011000101001100100100010
000111010110001100100000001011000101011011011101101001110001000000001111101111000111101011111110011000101001100100100010
000111010110001100100000001011000101011011011101101001110001000000001111101111000111101011111110011000101001100100100010
000001001111101111100010011001001010110010110001011100101101101000101101100111010000010111100111100000100010011110001010
000001001111101111100010011001001010110010110001011100101101101000101101100111010000010111100111100000100010011110001010
000111010110001100100000001011000101011011011101101001110001000000001111101111000111101011111110011000101001100100100010
000111010110001100100000001011000101011011011101101001110001000000001111101111000111101011111110011000101001100100100010
000001001111101111100010011001001010110010110001011100101101101000101101100111010000010111100111100000100010011110001010
000111010110001100100000001011000101011011011101101001110001000000001111101111000111101011111110011000101001100100100010
000111010110001100100000001011000101011011011101101001110001000000001111101111000111101011111110011000101001100100100010
000001001111101111100010011001001010110010110001011100101101101000101101100111010000010111100111100000100010011110001010
000001001111101111100010011001001010110010110001011100101101101000101101100111010000010111100111100000100010011110001010
000111010110001100100000001011000101011011011101101001110001000000001111101111000111101011111110011000101001100100100010
000001001111101111100010011001001010110010110001011100101101101000101101100111010000010111100111100000100010011110001010
000111010110001100100000001011000101011011011101101001110001000000001111101111000111101011111110011000101001100100100010
000001001111101111100010011001001010110010110001011100101101101000101101100111010000010111100111100000100010011110001010
000001001111101111100010011001001010110010110001011100101101101000101101100111010000010111100111100000100010011110001010
000001001111101111100010011001001010110010110001011100101101101000101101100111010000010111100111100000100010011110001010
000111010110001100100000001011000101011011011101101001110001000000001111101111000111101011111110011000101001100100100010
000111010110001100100000001011000101011011011101101001110001000000001111101111000111101011111110011000101001100100100010
000111010110001100100000001011000101011011011101101001110001000000001111101111000111101011111110011000101001100100100010
000111010110001100100000001011000101011011011101101001110001000000001111101111000111101011111110011000101001100100100010
