6
10
2002
167960
1
1001
293930
1540
75582
84
1562275
42504
190
51895935
792
6435
92378
11628
715
330
54264
141120525
646646
56
136
12376
78
3876
36
12376
1
490314
13037895
55
3268760
36
116280
165
134596
462
18564
12
455
203490
1
8
1352078
21474180
66
27132
8008
680
8436285
1352078
55
126
100947
816
1
8568
352716
252
924
35
30421755
792
177100
18564
75582
1144066
2002
45
1001
1716
1820
56
19448
4845
3003
245157
330
54627300
19448
3
210
17383860
7315
3003
6906900
105
92378
171
220
3003
170544
1081575
10
21
125970
1
74613
4368
1365
455
24310

