CS302-Midi-Note-File
NOTE 43 98 0.23125 0.46666667
NOTE 31 99 0.86041667 1.0083333
NOTE 48 105 0.95625 1.2875
NOTE 55 101 0.99375 2.0270833
DAMPER 1.0416667 1.4229167
NOTE 60 105 1.1208333 1.7270833
NOTE 36 108 1.21875 1.2791667
NOTE 24 100 1.5916667 1.8229167
NOTE 64 99 1.5958333 1.8375
NOTE 67 98 1.7125 2.325
NOTE 40 95 1.7208333 2.1895833
NOTE 31 99 1.775 2.0833333
NOTE 43 92 2.08125 2.63125
NOTE 55 99 2.64375 3.2479167
DAMPER 2.7166667 3.4854167
NOTE 31 87 2.85 2.90625
NOTE 63 94 3.4083333 4.11875
NOTE 51 89 3.4125 3.7958333
NOTE 27 92 3.4166667 4.0083333
NOTE 43 87 3.575 4.5125
NOTE 58 84 3.64375 4.6145833
NOTE 34 86 3.7854167 4.66875
NOTE 39 87 3.80625 4.5666667
NOTE 31 87 3.8270833 4.2875
NOTE 55 86 3.9458333 4.6916667
NOTE 51 97 4.2979167 4.6
NOTE 43 89 4.7541667 5.1520833
NOTE 39 98 4.8041667 5.0916667
NOTE 55 83 4.9041667 5.21875
