0110111001001100
0101000101100010
1010100000110001
1101110010011000
0100100001100011
0110010001011010
0011001010101101
1001000111010110
0101110000011110
1111001010010001
0111000101001000
1011100000101100
1011111101111001
1110100011001101
1111110011100110
0111111011110011
0001001101011000
1001101011110100
0100110101110010
0010011010110001
0010011111111101
0011110010001011
1001111011000101
0100111111101010
1000010011100001
0100011000011001
0010001110000100
0001100111000010
0111001010111010
1100001111100111
1110100111111011
1111010001110101
1110011010000101
0001010101001111
1000101000100111
1100110100011011
