0011001001111001110101001111101000101010
1010001111001101101101101000011100110111
1101100111100110010100111100101110011011
0110010011110011101010011110010101000101
0100011100010011000100111000100001010011
0110110010011010100110100100010011111010
0011111001001101010011010010001001111101
1001111100100110001001100001000110110110
1010010000000010010000110100000001111111
0111011000000011011010100110000011001000
1011001100001001001111010011000011101100
0101100100000100100101101001000011111110
0011100100000010111110100100000010100100
1010110100000011100001110110000001110110
1101011000001001110010110011000010110011
0110001100000100111001011001000001011001
0110100001110111001000110011001001011100
0101010011001100001110101010001111110010
1010001011101110100111011101100101110001
1101000111111111010001100110010010111000
