1001000111111110011001011010001111011000
1101100110000001010111110111101010110100
0110010011001000101001111011110101010010
0011001011101100110110110101011010100001
0101101001101011111110010001110100110111
1111011101011110100011011001101110101100
0111101110101111110001100100010111011110
1011010111010111111000110010101001101111
1010000001110001111000011100101001110110
0011010101111010100101101000000111100010
1001101010111101010000111100100011110001
0100110101010110001010011110110001111000
0111111011010001001110001011011011110101
1100000110111001101001001110010110001111
1110100001010100110100101111101011000111
1111110010100010011000010111110111101011
1111010010011100010101100010100001110011
1000011011010010111101010011010011001010
1100001101100001011110101001001011101101
1110100100111000101111010100000111110110
