TRUE
TRUE
FALSE
TRUE
878851122 879646929 TRUE
480827281 481352955 TRUE
459162474 460107950 TRUE
646147788 646733233 TRUE
639834640 640791521 TRUE
497677796 498227694 TRUE
732865615 733165282 TRUE
959893362 960437854 TRUE
241177427 242161215 TRUE
625169821 625827513 TRUE
10 0
5 0
18 0
23 1
41 0
53 0
63 1
88 5
90 4
100 11
107 6
116 3
124 7
126 11
131 11
144 8
148 20
161 25
206 20
205 25
228 22
233 22
260 27
252 44
279 35
268 47
271 52
283 44
298 45
288 58
300 48
293 63
324 71
348 70
363 73
401 101
437 116
426 129
445 116
445 127
438 152
470 148
481 177
494 165
501 169
525 179
535 179
533 192
516 209
538 193
560 190
535 217
574 208
594 189
559 235
601 224
602 254
618 259
612 279
637 289
654 330
668 317
673 327
649 351
674 326
655 345

