10110101111101111010101011011110
10110101111101111010101011011110
00110011111111111100110111001111
10110101111101111010101011011110
10110101111101111010101011011110
10110101111101111010101011011110
10110101111101111010101011011110
10110101111101111010101011011110
10110101111101111010101011011110
10110101111101111010101011011110
10110101111101111010101011011110
00110011111111111100110111001111
10110101111101111010101011011110
10110101111101111010101011011110
10110101111101111010101011011110
10110101111101111010101011011110
10110101111101111010101011011110
10110101111101111010101011011110
00110011111111111100110111001111
10110101111101111010101011011110
10110101111101111010101011011110
10110101111101111010101011011110
10110101111101111010101011011110
10110101111101111010101011011110
10110101111101111010101011011110
10110101111101111010101011011110
10110101111101111010101011011110
10110101111101111010101011011110
10110101111101111010101011011110
00110011111111111100110111001111
10110101111101111010101011011110
10110101111101111010101011011110
10110101111101111010101011011110
10110101111101111010101011011110
10110101111101111010101011011110
10110101111101111010101011011110
10110101111101111010101011011110
00110011111111111100110111001111
10110101111101111010101011011110
10110101111101111010101011011110
00110011111111111100110111001111
10110101111101111010101011011110
00110011111111111100110111001111
10110101111101111010101011011110
10110101111101111010101011011110
10110101111101111010101011011110
00110011111111111100110111001111
10110101111101111010101011011110
10110101111101111010101011011110
10110101111101111010101011011110
10110101111101111010101011011110
10110101111101111010101011011110
10110101111101111010101011011110
10110101111101111010101011011110
10110101111101111010101011011110
10110101111101111010101011011110
10110101111101111010101011011110
10110101111101111010101011011110
10110101111101111010101011011110
00110011111111111100110111001111
10110101111101111010101011011110
10110101111101111010101011011110
10110101111101111010101011011110
00110011111111111100110111001111
10110101111101111010101011011110
10110101111101111010101011011110
10110101111101111010101011011110
10110101111101111010101011011110
10110101111101111010101011011110
10110101111101111010101011011110
10110101111101111010101011011110
10110101111101111010101011011110
10110101111101111010101011011110
00110011111111111100110111001111
10110101111101111010101011011110
10110101111101111010101011011110
10110101111101111010101011011110
10110101111101111010101011011110
10110101111101111010101011011110
10110101111101111010101011011110
10110101111101111010101011011110
10110101111101111010101011011110
10110101111101111010101011011110
