01010010000110010001101101011100110001000001000110101000111110000011011111110110101111101000001101101011100110000110101001001100010000100010101010000110001001111010000010101011110
01010010000110010001101101011100110001000001000110101000111110000011011111110110101111101000001101101011100110000110101001001100010000100010101010000110001001111010000010101011110
01010010000110010001101101011100110001000001000110101000111110000011011111110110101111101000001101101011100110000110101001001100010000100010101010000110001001111010000010101011110
01010010000110010001101101011100110001000001000110101000111110000011011111110110101111101000001101101011100110000110101001001100010000100010101010000110001001111010000010101011110
00001001000011100011110110001000101011100010100101010101000000011000110101111000011100101001000100000001000000110011100010100000001111001101000000111001000101011101011010011000101
01010010000110010001101101011100110001000001000110101000111110000011011111110110101111101000001101101011100110000110101001001100010000100010101010000110001001111010000010101011110
01010010000110010001101101011100110001000001000110101000111110000011011111110110101111101000001101101011100110000110101001001100010000100010101010000110001001111010000010101011110
01010010000110010001101101011100110001000001000110101000111110000011011111110110101111101000001101101011100110000110101001001100010000100010101010000110001001111010000010101011110
01010010000110010001101101011100110001000001000110101000111110000011011111110110101111101000001101101011100110000110101001001100010000100010101010000110001001111010000010101011110
01010010000110010001101101011100110001000001000110101000111110000011011111110110101111101000001101101011100110000110101001001100010000100010101010000110001001111010000010101011110
01010010000110010001101101011100110001000001000110101000111110000011011111110110101111101000001101101011100110000110101001001100010000100010101010000110001001111010000010101011110
01010010000110010001101101011100110001000001000110101000111110000011011111110110101111101000001101101011100110000110101001001100010000100010101010000110001001111010000010101011110
01010010000110010001101101011100110001000001000110101000111110000011011111110110101111101000001101101011100110000110101001001100010000100010101010000110001001111010000010101011110
01010010000110010001101101011100110001000001000110101000111110000011011111110110101111101000001101101011100110000110101001001100010000100010101010000110001001111010000010101011110
00001001000011100011110110001000101011100010100101010101000000011000110101111000011100101001000100000001000000110011100010100000001111001101000000111001000101011101011010011000101
00001001000011100011110110001000101011100010100101010101000000011000110101111000011100101001000100000001000000110011100010100000001111001101000000111001000101011101011010011000101
01010010000110010001101101011100110001000001000110101000111110000011011111110110101111101000001101101011100110000110101001001100010000100010101010000110001001111010000010101011110
00001001000011100011110110001000101011100010100101010101000000011000110101111000011100101001000100000001000000110011100010100000001111001101000000111001000101011101011010011000101
01010010000110010001101101011100110001000001000110101000111110000011011111110110101111101000001101101011100110000110101001001100010000100010101010000110001001111010000010101011110
01010010000110010001101101011100110001000001000110101000111110000011011111110110101111101000001101101011100110000110101001001100010000100010101010000110001001111010000010101011110
00001001000011100011110110001000101011100010100101010101000000011000110101111000011100101001000100000001000000110011100010100000001111001101000000111001000101011101011010011000101
01010010000110010001101101011100110001000001000110101000111110000011011111110110101111101000001101101011100110000110101001001100010000100010101010000110001001111010000010101011110
01010010000110010001101101011100110001000001000110101000111110000011011111110110101111101000001101101011100110000110101001001100010000100010101010000110001001111010000010101011110
01010010000110010001101101011100110001000001000110101000111110000011011111110110101111101000001101101011100110000110101001001100010000100010101010000110001001111010000010101011110
01010010000110010001101101011100110001000001000110101000111110000011011111110110101111101000001101101011100110000110101001001100010000100010101010000110001001111010000010101011110
00001001000011100011110110001000101011100010100101010101000000011000110101111000011100101001000100000001000000110011100010100000001111001101000000111001000101011101011010011000101
00001001000011100011110110001000101011100010100101010101000000011000110101111000011100101001000100000001000000110011100010100000001111001101000000111001000101011101011010011000101
01010010000110010001101101011100110001000001000110101000111110000011011111110110101111101000001101101011100110000110101001001100010000100010101010000110001001111010000010101011110
01010010000110010001101101011100110001000001000110101000111110000011011111110110101111101000001101101011100110000110101001001100010000100010101010000110001001111010000010101011110
01010010000110010001101101011100110001000001000110101000111110000011011111110110101111101000001101101011100110000110101001001100010000100010101010000110001001111010000010101011110
01010010000110010001101101011100110001000001000110101000111110000011011111110110101111101000001101101011100110000110101001001100010000100010101010000110001001111010000010101011110
00001001000011100011110110001000101011100010100101010101000000011000110101111000011100101001000100000001000000110011100010100000001111001101000000111001000101011101011010011000101
00001001000011100011110110001000101011100010100101010101000000011000110101111000011100101001000100000001000000110011100010100000001111001101000000111001000101011101011010011000101
01010010000110010001101101011100110001000001000110101000111110000011011111110110101111101000001101101011100110000110101001001100010000100010101010000110001001111010000010101011110
01010010000110010001101101011100110001000001000110101000111110000011011111110110101111101000001101101011100110000110101001001100010000100010101010000110001001111010000010101011110
01010010000110010001101101011100110001000001000110101000111110000011011111110110101111101000001101101011100110000110101001001100010000100010101010000110001001111010000010101011110
01010010000110010001101101011100110001000001000110101000111110000011011111110110101111101000001101101011100110000110101001001100010000100010101010000110001001111010000010101011110
01010010000110010001101101011100110001000001000110101000111110000011011111110110101111101000001101101011100110000110101001001100010000100010101010000110001001111010000010101011110
01010010000110010001101101011100110001000001000110101000111110000011011111110110101111101000001101101011100110000110101001001100010000100010101010000110001001111010000010101011110
00001001000011100011110110001000101011100010100101010101000000011000110101111000011100101001000100000001000000110011100010100000001111001101000000111001000101011101011010011000101
00001001000011100011110110001000101011100010100101010101000000011000110101111000011100101001000100000001000000110011100010100000001111001101000000111001000101011101011010011000101
01010010000110010001101101011100110001000001000110101000111110000011011111110110101111101000001101101011100110000110101001001100010000100010101010000110001001111010000010101011110
00001001000011100011110110001000101011100010100101010101000000011000110101111000011100101001000100000001000000110011100010100000001111001101000000111001000101011101011010011000101
01010010000110010001101101011100110001000001000110101000111110000011011111110110101111101000001101101011100110000110101001001100010000100010101010000110001001111010000010101011110
01010010000110010001101101011100110001000001000110101000111110000011011111110110101111101000001101101011100110000110101001001100010000100010101010000110001001111010000010101011110
01010010000110010001101101011100110001000001000110101000111110000011011111110110101111101000001101101011100110000110101001001100010000100010101010000110001001111010000010101011110
01010010000110010001101101011100110001000001000110101000111110000011011111110110101111101000001101101011100110000110101001001100010000100010101010000110001001111010000010101011110
01010010000110010001101101011100110001000001000110101000111110000011011111110110101111101000001101101011100110000110101001001100010000100010101010000110001001111010000010101011110
00001001000011100011110110001000101011100010100101010101000000011000110101111000011100101001000100000001000000110011100010100000001111001101000000111001000101011101011010011000101
01010010000110010001101101011100110001000001000110101000111110000011011111110110101111101000001101101011100110000110101001001100010000100010101010000110001001111010000010101011110
00001001000011100011110110001000101011100010100101010101000000011000110101111000011100101001000100000001000000110011100010100000001111001101000000111001000101011101011010011000101
01010010000110010001101101011100110001000001000110101000111110000011011111110110101111101000001101101011100110000110101001001100010000100010101010000110001001111010000010101011110
01010010000110010001101101011100110001000001000110101000111110000011011111110110101111101000001101101011100110000110101001001100010000100010101010000110001001111010000010101011110
01010010000110010001101101011100110001000001000110101000111110000011011111110110101111101000001101101011100110000110101001001100010000100010101010000110001001111010000010101011110
01010010000110010001101101011100110001000001000110101000111110000011011111110110101111101000001101101011100110000110101001001100010000100010101010000110001001111010000010101011110
01010010000110010001101101011100110001000001000110101000111110000011011111110110101111101000001101101011100110000110101001001100010000100010101010000110001001111010000010101011110
01010010000110010001101101011100110001000001000110101000111110000011011111110110101111101000001101101011100110000110101001001100010000100010101010000110001001111010000010101011110
01010010000110010001101101011100110001000001000110101000111110000011011111110110101111101000001101101011100110000110101001001100010000100010101010000110001001111010000010101011110
01010010000110010001101101011100110001000001000110101000111110000011011111110110101111101000001101101011100110000110101001001100010000100010101010000110001001111010000010101011110
01010010000110010001101101011100110001000001000110101000111110000011011111110110101111101000001101101011100110000110101001001100010000100010101010000110001001111010000010101011110
01010010000110010001101101011100110001000001000110101000111110000011011111110110101111101000001101101011100110000110101001001100010000100010101010000110001001111010000010101011110
01010010000110010001101101011100110001000001000110101000111110000011011111110110101111101000001101101011100110000110101001001100010000100010101010000110001001111010000010101011110
00001001000011100011110110001000101011100010100101010101000000011000110101111000011100101001000100000001000000110011100010100000001111001101000000111001000101011101011010011000101
00001001000011100011110110001000101011100010100101010101000000011000110101111000011100101001000100000001000000110011100010100000001111001101000000111001000101011101011010011000101
01010010000110010001101101011100110001000001000110101000111110000011011111110110101111101000001101101011100110000110101001001100010000100010101010000110001001111010000010101011110
01010010000110010001101101011100110001000001000110101000111110000011011111110110101111101000001101101011100110000110101001001100010000100010101010000110001001111010000010101011110
00001001000011100011110110001000101011100010100101010101000000011000110101111000011100101001000100000001000000110011100010100000001111001101000000111001000101011101011010011000101
01010010000110010001101101011100110001000001000110101000111110000011011111110110101111101000001101101011100110000110101001001100010000100010101010000110001001111010000010101011110
01010010000110010001101101011100110001000001000110101000111110000011011111110110101111101000001101101011100110000110101001001100010000100010101010000110001001111010000010101011110
