S:     0    29       2.86 2.73 3.74 9.11 8.72 1.68 4.60 9.11 9.11 9.11 2.73 4.60 4.60 4.60 1.68 8.72 2.73 3.74 4.60 2.86 4.60 8.72 9.11 9.11 2.86 8.72 1.68 3.74 4.60
M:     0    29  2.86 2.86 2.73 3.74 9.11 8.72 1.68 4.60 9.11 9.11 9.11 2.73 4.60 4.60 4.60 1.68 8.72 2.73 3.74 4.60 2.86 4.60 8.72 9.11 9.11 2.86 8.72 1.68 3.74 4.60
P:     0    29     8 2.73 2.73 1.68 2.86 2.86 1.68 2.73 1.68 2.86 9.11 9.11 4.60 4.60 4.60 9.11 8.72 4.60 3.74 4.60 8.72 4.60 8.72 9.11 9.11 9.11 8.72 3.74 3.74 4.60
S:     0     8       2.73 2.73 1.68 2.86 2.86 1.68 2.73 1.68 2.86 9.11 9.11 4.60 4.60 4.60 9.11 8.72 4.60 3.74 4.60 8.72 4.60 8.72 9.11 9.11 9.11 8.72 3.74 3.74 4.60
M:     0     8  2.73 2.73 2.73 1.68 2.86 2.86 1.68 2.73 1.68 2.86 9.11 9.11 4.60 4.60 4.60 9.11 8.72 4.60 3.74 4.60 8.72 4.60 8.72 9.11 9.11 9.11 8.72 3.74 3.74 4.60
P:     0     8     4 1.68 1.68 1.68 2.73 2.73 2.86 2.86 2.73 2.86 9.11 9.11 4.60 4.60 4.60 9.11 8.72 4.60 3.74 4.60 8.72 4.60 8.72 9.11 9.11 9.11 8.72 3.74 3.74 4.60
S:     0     4       1.68 1.68 1.68 2.73 2.73 2.86 2.86 2.73 2.86 9.11 9.11 4.60 4.60 4.60 9.11 8.72 4.60 3.74 4.60 8.72 4.60 8.72 9.11 9.11 9.11 8.72 3.74 3.74 4.60
M:     0     4  1.68 1.68 1.68 1.68 2.73 2.73 2.86 2.86 2.73 2.86 9.11 9.11 4.60 4.60 4.60 9.11 8.72 4.60 3.74 4.60 8.72 4.60 8.72 9.11 9.11 9.11 8.72 3.74 3.74 4.60
P:     0     4     1 1.68 1.68 1.68 2.73 2.73 2.86 2.86 2.73 2.86 9.11 9.11 4.60 4.60 4.60 9.11 8.72 4.60 3.74 4.60 8.72 4.60 8.72 9.11 9.11 9.11 8.72 3.74 3.74 4.60
S:     2     2       1.68 1.68 1.68 2.73 2.73 2.86 2.86 2.73 2.86 9.11 9.11 4.60 4.60 4.60 9.11 8.72 4.60 3.74 4.60 8.72 4.60 8.72 9.11 9.11 9.11 8.72 3.74 3.74 4.60
S:     5     3       1.68 1.68 1.68 2.73 2.73 2.86 2.86 2.73 2.86 9.11 9.11 4.60 4.60 4.60 9.11 8.72 4.60 3.74 4.60 8.72 4.60 8.72 9.11 9.11 9.11 8.72 3.74 3.74 4.60
M:     5     3  2.86 1.68 1.68 1.68 2.73 2.73 2.86 2.86 2.73 2.86 9.11 9.11 4.60 4.60 4.60 9.11 8.72 4.60 3.74 4.60 8.72 4.60 8.72 9.11 9.11 9.11 8.72 3.74 3.74 4.60
P:     5     3     6 1.68 1.68 1.68 2.73 2.73 2.73 2.86 2.86 2.86 9.11 9.11 4.60 4.60 4.60 9.11 8.72 4.60 3.74 4.60 8.72 4.60 8.72 9.11 9.11 9.11 8.72 3.74 3.74 4.60
S:     9    20       1.68 1.68 1.68 2.73 2.73 2.73 2.86 2.86 2.86 9.11 9.11 4.60 4.60 4.60 9.11 8.72 4.60 3.74 4.60 8.72 4.60 8.72 9.11 9.11 9.11 8.72 3.74 3.74 4.60
M:     9    20  8.72 1.68 1.68 1.68 2.73 2.73 2.73 2.86 2.86 2.86 8.72 9.11 4.60 4.60 4.60 9.11 8.72 4.60 3.74 4.60 9.11 4.60 8.72 9.11 9.11 9.11 8.72 3.74 3.74 4.60
P:     9    20    21 1.68 1.68 1.68 2.73 2.73 2.73 2.86 2.86 2.86 8.72 4.60 4.60 4.60 4.60 3.74 3.74 4.60 3.74 4.60 8.72 4.60 8.72 9.11 9.11 9.11 9.11 8.72 9.11 9.11
S:     9    12       1.68 1.68 1.68 2.73 2.73 2.73 2.86 2.86 2.86 8.72 4.60 4.60 4.60 4.60 3.74 3.74 4.60 3.74 4.60 8.72 4.60 8.72 9.11 9.11 9.11 9.11 8.72 9.11 9.11
M:     9    12  4.60 1.68 1.68 1.68 2.73 2.73 2.73 2.86 2.86 2.86 4.60 4.60 4.60 4.60 4.60 3.74 3.74 4.60 3.74 4.60 8.72 8.72 8.72 9.11 9.11 9.11 9.11 8.72 9.11 9.11
P:     9    12    14 1.68 1.68 1.68 2.73 2.73 2.73 2.86 2.86 2.86 3.74 4.60 3.74 4.60 3.74 4.60 4.60 4.60 4.60 4.60 8.72 8.72 8.72 9.11 9.11 9.11 9.11 8.72 9.11 9.11
S:     9     5       1.68 1.68 1.68 2.73 2.73 2.73 2.86 2.86 2.86 3.74 4.60 3.74 4.60 3.74 4.60 4.60 4.60 4.60 4.60 8.72 8.72 8.72 9.11 9.11 9.11 9.11 8.72 9.11 9.11
M:     9     5  3.74 1.68 1.68 1.68 2.73 2.73 2.73 2.86 2.86 2.86 3.74 4.60 3.74 4.60 3.74 4.60 4.60 4.60 4.60 4.60 8.72 8.72 8.72 9.11 9.11 9.11 9.11 8.72 9.11 9.11
P:     9     5    11 1.68 1.68 1.68 2.73 2.73 2.73 2.86 2.86 2.86 3.74 3.74 3.74 4.60 4.60 4.60 4.60 4.60 4.60 4.60 8.72 8.72 8.72 9.11 9.11 9.11 9.11 8.72 9.11 9.11
S:     9     2       1.68 1.68 1.68 2.73 2.73 2.73 2.86 2.86 2.86 3.74 3.74 3.74 4.60 4.60 4.60 4.60 4.60 4.60 4.60 8.72 8.72 8.72 9.11 9.11 9.11 9.11 8.72 9.11 9.11
S:    12     2       1.68 1.68 1.68 2.73 2.73 2.73 2.86 2.86 2.86 3.74 3.74 3.74 4.60 4.60 4.60 4.60 4.60 4.60 4.60 8.72 8.72 8.72 9.11 9.11 9.11 9.11 8.72 9.11 9.11
S:    15     6       1.68 1.68 1.68 2.73 2.73 2.73 2.86 2.86 2.86 3.74 3.74 3.74 4.60 4.60 4.60 4.60 4.60 4.60 4.60 8.72 8.72 8.72 9.11 9.11 9.11 9.11 8.72 9.11 9.11
M:    15     6  4.60 1.68 1.68 1.68 2.73 2.73 2.73 2.86 2.86 2.86 3.74 3.74 3.74 4.60 4.60 4.60 4.60 4.60 4.60 4.60 8.72 8.72 8.72 9.11 9.11 9.11 9.11 8.72 9.11 9.11
P:    15     6    17 1.68 1.68 1.68 2.73 2.73 2.73 2.86 2.86 2.86 3.74 3.74 3.74 4.60 4.60 4.60 4.60 4.60 4.60 4.60 8.72 8.72 8.72 9.11 9.11 9.11 9.11 8.72 9.11 9.11
S:    15     2       1.68 1.68 1.68 2.73 2.73 2.73 2.86 2.86 2.86 3.74 3.74 3.74 4.60 4.60 4.60 4.60 4.60 4.60 4.60 8.72 8.72 8.72 9.11 9.11 9.11 9.11 8.72 9.11 9.11
S:    18     3       1.68 1.68 1.68 2.73 2.73 2.73 2.86 2.86 2.86 3.74 3.74 3.74 4.60 4.60 4.60 4.60 4.60 4.60 4.60 8.72 8.72 8.72 9.11 9.11 9.11 9.11 8.72 9.11 9.11
M:    18     3  8.72 1.68 1.68 1.68 2.73 2.73 2.73 2.86 2.86 2.86 3.74 3.74 3.74 4.60 4.60 4.60 4.60 4.60 4.60 8.72 8.72 4.60 8.72 9.11 9.11 9.11 9.11 8.72 9.11 9.11
P:    18     3    19 1.68 1.68 1.68 2.73 2.73 2.73 2.86 2.86 2.86 3.74 3.74 3.74 4.60 4.60 4.60 4.60 4.60 4.60 4.60 8.72 8.72 8.72 9.11 9.11 9.11 9.11 8.72 9.11 9.11
S:    22     7       1.68 1.68 1.68 2.73 2.73 2.73 2.86 2.86 2.86 3.74 3.74 3.74 4.60 4.60 4.60 4.60 4.60 4.60 4.60 8.72 8.72 8.72 9.11 9.11 9.11 9.11 8.72 9.11 9.11
M:    22     7  9.11 1.68 1.68 1.68 2.73 2.73 2.73 2.86 2.86 2.86 3.74 3.74 3.74 4.60 4.60 4.60 4.60 4.60 4.60 4.60 8.72 8.72 8.72 9.11 9.11 9.11 9.11 8.72 9.11 9.11
P:    22     7    25 1.68 1.68 1.68 2.73 2.73 2.73 2.86 2.86 2.86 3.74 3.74 3.74 4.60 4.60 4.60 4.60 4.60 4.60 4.60 8.72 8.72 8.72 8.72 9.11 9.11 9.11 9.11 9.11 9.11
S:    22     3       1.68 1.68 1.68 2.73 2.73 2.73 2.86 2.86 2.86 3.74 3.74 3.74 4.60 4.60 4.60 4.60 4.60 4.60 4.60 8.72 8.72 8.72 8.72 9.11 9.11 9.11 9.11 9.11 9.11
M:    22     3  9.11 1.68 1.68 1.68 2.73 2.73 2.73 2.86 2.86 2.86 3.74 3.74 3.74 4.60 4.60 4.60 4.60 4.60 4.60 4.60 8.72 8.72 8.72 9.11 9.11 8.72 9.11 9.11 9.11 9.11
P:    22     3    23 1.68 1.68 1.68 2.73 2.73 2.73 2.86 2.86 2.86 3.74 3.74 3.74 4.60 4.60 4.60 4.60 4.60 4.60 4.60 8.72 8.72 8.72 8.72 9.11 9.11 9.11 9.11 9.11 9.11
S:    26     3       1.68 1.68 1.68 2.73 2.73 2.73 2.86 2.86 2.86 3.74 3.74 3.74 4.60 4.60 4.60 4.60 4.60 4.60 4.60 8.72 8.72 8.72 8.72 9.11 9.11 9.11 9.11 9.11 9.11
M:    26     3  9.11 1.68 1.68 1.68 2.73 2.73 2.73 2.86 2.86 2.86 3.74 3.74 3.74 4.60 4.60 4.60 4.60 4.60 4.60 4.60 8.72 8.72 8.72 8.72 9.11 9.11 9.11 9.11 9.11 9.11
P:    26     3    27 1.68 1.68 1.68 2.73 2.73 2.73 2.86 2.86 2.86 3.74 3.74 3.74 4.60 4.60 4.60 4.60 4.60 4.60 4.60 8.72 8.72 8.72 8.72 9.11 9.11 9.11 9.11 9.11 9.11
                     1.68 1.68 1.68 2.73 2.73 2.73 2.86 2.86 2.86 3.74 3.74 3.74 4.60 4.60 4.60 4.60 4.60 4.60 4.60 8.72 8.72 8.72 8.72 9.11 9.11 9.11 9.11 9.11 9.11
