B:     0    16        0.42  4.54  8.35  3.36  5.65  0.02  1.88  9.90  7.50  3.66  3.51  5.73  1.33  0.64  9.51  1.54
B:     0     8        0.42  4.54  8.35  3.36  5.65  0.02  1.88  9.90  7.50  3.66  3.51  5.73  1.33  0.64  9.51  1.54
B:     0     4        0.42  4.54  8.35  3.36  5.65  0.02  1.88  9.90  7.50  3.66  3.51  5.73  1.33  0.64  9.51  1.54
B:     0     2        0.42  4.54  8.35  3.36  5.65  0.02  1.88  9.90  7.50  3.66  3.51  5.73  1.33  0.64  9.51  1.54
E:     0     2        0.42  4.54  8.35  3.36  5.65  0.02  1.88  9.90  7.50  3.66  3.51  5.73  1.33  0.64  9.51  1.54
B:     2     2        0.42  4.54  8.35  3.36  5.65  0.02  1.88  9.90  7.50  3.66  3.51  5.73  1.33  0.64  9.51  1.54
E:     2     2        0.42  4.54  3.36  8.35  5.65  0.02  1.88  9.90  7.50  3.66  3.51  5.73  1.33  0.64  9.51  1.54
E:     0     4        0.42  3.36  4.54  8.35  5.65  0.02  1.88  9.90  7.50  3.66  3.51  5.73  1.33  0.64  9.51  1.54
B:     4     4        0.42  3.36  4.54  8.35  5.65  0.02  1.88  9.90  7.50  3.66  3.51  5.73  1.33  0.64  9.51  1.54
B:     4     2        0.42  3.36  4.54  8.35  5.65  0.02  1.88  9.90  7.50  3.66  3.51  5.73  1.33  0.64  9.51  1.54
E:     4     2        0.42  3.36  4.54  8.35  0.02  5.65  1.88  9.90  7.50  3.66  3.51  5.73  1.33  0.64  9.51  1.54
B:     6     2        0.42  3.36  4.54  8.35  0.02  5.65  1.88  9.90  7.50  3.66  3.51  5.73  1.33  0.64  9.51  1.54
E:     6     2        0.42  3.36  4.54  8.35  0.02  5.65  1.88  9.90  7.50  3.66  3.51  5.73  1.33  0.64  9.51  1.54
E:     4     4        0.42  3.36  4.54  8.35  0.02  1.88  5.65  9.90  7.50  3.66  3.51  5.73  1.33  0.64  9.51  1.54
E:     0     8        0.02  0.42  1.88  3.36  4.54  5.65  8.35  9.90  7.50  3.66  3.51  5.73  1.33  0.64  9.51  1.54
B:     8     8        0.02  0.42  1.88  3.36  4.54  5.65  8.35  9.90  7.50  3.66  3.51  5.73  1.33  0.64  9.51  1.54
B:     8     4        0.02  0.42  1.88  3.36  4.54  5.65  8.35  9.90  7.50  3.66  3.51  5.73  1.33  0.64  9.51  1.54
B:     8     2        0.02  0.42  1.88  3.36  4.54  5.65  8.35  9.90  7.50  3.66  3.51  5.73  1.33  0.64  9.51  1.54
E:     8     2        0.02  0.42  1.88  3.36  4.54  5.65  8.35  9.90  3.66  7.50  3.51  5.73  1.33  0.64  9.51  1.54
B:    10     2        0.02  0.42  1.88  3.36  4.54  5.65  8.35  9.90  3.66  7.50  3.51  5.73  1.33  0.64  9.51  1.54
E:    10     2        0.02  0.42  1.88  3.36  4.54  5.65  8.35  9.90  3.66  7.50  3.51  5.73  1.33  0.64  9.51  1.54
E:     8     4        0.02  0.42  1.88  3.36  4.54  5.65  8.35  9.90  3.51  3.66  5.73  7.50  1.33  0.64  9.51  1.54
B:    12     4        0.02  0.42  1.88  3.36  4.54  5.65  8.35  9.90  3.51  3.66  5.73  7.50  1.33  0.64  9.51  1.54
B:    12     2        0.02  0.42  1.88  3.36  4.54  5.65  8.35  9.90  3.51  3.66  5.73  7.50  1.33  0.64  9.51  1.54
E:    12     2        0.02  0.42  1.88  3.36  4.54  5.65  8.35  9.90  3.51  3.66  5.73  7.50  0.64  1.33  9.51  1.54
B:    14     2        0.02  0.42  1.88  3.36  4.54  5.65  8.35  9.90  3.51  3.66  5.73  7.50  0.64  1.33  9.51  1.54
E:    14     2        0.02  0.42  1.88  3.36  4.54  5.65  8.35  9.90  3.51  3.66  5.73  7.50  0.64  1.33  1.54  9.51
E:    12     4        0.02  0.42  1.88  3.36  4.54  5.65  8.35  9.90  3.51  3.66  5.73  7.50  0.64  1.33  1.54  9.51
E:     8     8        0.02  0.42  1.88  3.36  4.54  5.65  8.35  9.90  0.64  1.33  1.54  3.51  3.66  5.73  7.50  9.51
E:     0    16        0.02  0.42  0.64  1.33  1.54  1.88  3.36  3.51  3.66  4.54  5.65  5.73  7.50  8.35  9.51  9.90
                      0.02  0.42  0.64  1.33  1.54  1.88  3.36  3.51  3.66  4.54  5.65  5.73  7.50  8.35  9.51  9.90

