B:     0    16        0.42 4.54 8.35 3.36 5.65 0.02 1.88 9.90 7.50 3.66 3.51 5.73 1.33 0.64 9.51 1.54
B:     0     8        0.42 4.54 8.35 3.36 5.65 0.02 1.88 9.90 7.50 3.66 3.51 5.73 1.33 0.64 9.51 1.54
B:     0     4        0.42 4.54 8.35 3.36 5.65 0.02 1.88 9.90 7.50 3.66 3.51 5.73 1.33 0.64 9.51 1.54
B:     0     2        0.42 4.54 8.35 3.36 5.65 0.02 1.88 9.90 7.50 3.66 3.51 5.73 1.33 0.64 9.51 1.54
E:     0     2        0.42 4.54 8.35 3.36 5.65 0.02 1.88 9.90 7.50 3.66 3.51 5.73 1.33 0.64 9.51 1.54
B:     2     2        0.42 4.54 8.35 3.36 5.65 0.02 1.88 9.90 7.50 3.66 3.51 5.73 1.33 0.64 9.51 1.54
E:     2     2        0.42 4.54 3.36 8.35 5.65 0.02 1.88 9.90 7.50 3.66 3.51 5.73 1.33 0.64 9.51 1.54
Lower: 0 Higher: 2 Size: 4
E:     0     4        0.42 4.54 8.35 3.36 5.65 0.02 1.88 9.90 7.50 3.66 3.51 5.73 1.33 0.64 9.51 1.54
B:     4     4        0.42 4.54 8.35 3.36 5.65 0.02 1.88 9.90 7.50 3.66 3.51 5.73 1.33 0.64 9.51 1.54
B:     4     2        0.42 4.54 8.35 3.36 5.65 0.02 1.88 9.90 7.50 3.66 3.51 5.73 1.33 0.64 9.51 1.54
E:     4     2        0.42 4.54 8.35 3.36 0.02 5.65 1.88 9.90 7.50 3.66 3.51 5.73 1.33 0.64 9.51 1.54
B:     6     2        0.42 4.54 8.35 3.36 0.02 5.65 1.88 9.90 7.50 3.66 3.51 5.73 1.33 0.64 9.51 1.54
E:     6     2        0.42 4.54 8.35 3.36 0.02 5.65 1.88 9.90 7.50 3.66 3.51 5.73 1.33 0.64 9.51 1.54
Lower: 4 Higher: 6 Size: 4
E:     4     4        0.42 4.54 8.35 3.36 0.02 5.65 1.88 9.90 7.50 3.66 3.51 5.73 1.33 0.64 9.51 1.54
Lower: 0 Higher: 4 Size: 8
E:     0     8        0.42 4.54 5.65 8.35 3.36 5.65 1.88 9.90 7.50 3.66 3.51 5.73 1.33 0.64 9.51 1.54
B:     8     8        0.42 4.54 5.65 8.35 3.36 5.65 1.88 9.90 7.50 3.66 3.51 5.73 1.33 0.64 9.51 1.54
B:     8     4        0.42 4.54 5.65 8.35 3.36 5.65 1.88 9.90 7.50 3.66 3.51 5.73 1.33 0.64 9.51 1.54
B:     8     2        0.42 4.54 5.65 8.35 3.36 5.65 1.88 9.90 7.50 3.66 3.51 5.73 1.33 0.64 9.51 1.54
E:     8     2        0.42 4.54 5.65 8.35 3.36 5.65 1.88 9.90 3.66 7.50 3.51 5.73 1.33 0.64 9.51 1.54
B:    10     2        0.42 4.54 5.65 8.35 3.36 5.65 1.88 9.90 3.66 7.50 3.51 5.73 1.33 0.64 9.51 1.54
E:    10     2        0.42 4.54 5.65 8.35 3.36 5.65 1.88 9.90 3.66 7.50 3.51 5.73 1.33 0.64 9.51 1.54
Lower: 8 Higher: 10 Size: 4
E:     8     4        0.42 4.54 5.65 8.35 3.36 5.65 1.88 9.90 3.66 5.73 3.51 5.73 1.33 0.64 9.51 1.54
B:    12     4        0.42 4.54 5.65 8.35 3.36 5.65 1.88 9.90 3.66 5.73 3.51 5.73 1.33 0.64 9.51 1.54
B:    12     2        0.42 4.54 5.65 8.35 3.36 5.65 1.88 9.90 3.66 5.73 3.51 5.73 1.33 0.64 9.51 1.54
E:    12     2        0.42 4.54 5.65 8.35 3.36 5.65 1.88 9.90 3.66 5.73 3.51 5.73 0.64 1.33 9.51 1.54
B:    14     2        0.42 4.54 5.65 8.35 3.36 5.65 1.88 9.90 3.66 5.73 3.51 5.73 0.64 1.33 9.51 1.54
E:    14     2        0.42 4.54 5.65 8.35 3.36 5.65 1.88 9.90 3.66 5.73 3.51 5.73 0.64 1.33 1.54 9.51
Lower: 12 Higher: 14 Size: 4
E:    12     4        0.42 4.54 5.65 8.35 3.36 5.65 1.88 9.90 3.66 5.73 3.51 5.73 0.64 1.33 9.51 1.54
Lower: 8 Higher: 12 Size: 8
E:     8     8        0.42 4.54 5.65 8.35 3.36 5.65 1.88 9.90 0.64 3.66 5.73 3.51 5.73 1.33 9.51 1.54
Lower: 0 Higher: 8 Size: 16
E:     0    16        0.42 0.64 4.54 5.65 5.73 3.51 5.73 8.35 3.36 5.65 1.88 9.51 1.54 1.33 9.51 1.54
