T
K
0
220
230
240
250
260
270
280
290
298
300
310
320
330
340
350
360
370
380
390
400
410
420
430
440
450
460
470
480
490
500
510
520
530
540
550
560
570
580
590
_
h
kJ/kmol
0
6,391
6,683
6,975
7,266
7,558
7,849
8,141
8,432
8,669
8,723
9,014
9,306
9,597
9,888
10,180
10,471
10,763
11,055
11,347
11,640
11,932
12,225
12,518
12,811
13,105
13,399
13,693
13,988
14,285
14,581
14,876
15,172
15,469
15,766
16,064
16,363
16,662
16,962
17,262
_
u
kJ/kmol
0
4,562
4,770
4,979
5,188
5,396
5,604
5,813
6,021
6,190
6,229
6,437
6,645
6,853
7,061
7,270
7,478
7,687
7,895
8,104
8,314
8,523
8,733
8,943
9,153
9,363
9,574
9,786
9,997
10,210
10,423
10,635
10,848
11,062
11,277
11,492
11,707
11,923
12,139
12,356
_
s °
kJ/kmol·K
0
182.639
183.938
185.180
186.370
187.514
188.614
189.673
190.695
191.502
191.682
192.638
193.562
194.459
195.328
196.173
196.995
197.794
198.572
199.331
200.071
200.794
201.499
202.189
202.863
203.523
204.170
204.803
205.424
206.033
206.630
207.216
207.792
208.358
208.914
209.461
209.999
210.528
211.049
211.562
T
K
600
610
620
630
640
650
660
670
680
690
700
710
720
730
740
750
760
770
780
790
800
810
820
830
840
850
860
870
880
890
900
910
920
930
940
950
960
970
980
990
_
h
kJ/kmol
17,563
17,864
18,166
18,468
18,772
19,075
19,380
19,685
19,991
20,297
20,604
20,912
21,220
21,529
21,839
22,149
22,460
22,772
23,085
23,398
23,714
24,027
24,342
24,658
24,974
25,292
25,610
25,928
26,248
26,568
26,890
27,210
27,532
27,854
28,178
28,501
28,826
29,151
29,476
29,803
_
u
kJ/kmol
12,574
12,792
13,011
13,230
13,450
13,671
13,892
14,114
14,337
14,560
14,784
15,008
15,234
15,460
15,686
15,913
16,141
16,370
16,599
16,830
17,061
17,292
17,524
17,757
17,990
18,224
18,459
18,695
18,931
19,168
19,407
19,644
19,883
20,122
20,362
20,603
20,844
21,086
21,328
21,571
_
s °
kJ/kmol·K
212.066
212.564
213.055
213.541
214.018
214.489
214.954
215.413
215.866
216.314
216.756
217.192
217.624
218.059
218.472
218.889
219.301
219.709
220.113
220.512
220.907
221.298
221.684
222.067
222.447
222.822
223.194
223.562
223.927
224.288
224.647
225.002
225.353
225.701
226.047
226.389
226.728
227.064
227.398
227.728

T
K
1000
1020
1040
1060
1080
1100
1120
1140
1160
1180
1200
1220
1240
1260
1280
1300
1320
1340
1360
1380
1400
1420
1440
1460
1480
1500
1520
1540
1560
1580
1600
1620
1640
1660
1680
1700
1720
1740
_
h
kJ/kmol
30,129
30,784
31,442
32,101
32,762
33,426
34,092
34,760
35,430
36,104
36,777
37,452
38,129
38,807
39,488
40,170
40,853
41,539
42,227
42,915
43,605
44,295
44,988
45,682
46,377
47,073
47,771
48,470
49,168
49,869
50,571
51,275
51,980
52,686
53,393
54,099
54,807
55,516
_
u
kJ/kmol
21,815
22,304
22,795
23,288
23,782
24,280
24,780
25,282
25,786
26,291
26,799
27,308
27,819
28,331
28,845
29,361
29,378
30,398
30,919
31,441
31,964
32,489
33,014
33,543
34,071
34,601
35,133
35,665
36,197
36,732
37,268
37,806
38,344
38,884
39,424
39,965
40,507
41,049

_
s °
kJ/kmol·K
228.057
228.706
229.344
229.973
230.591
231.199
231.799
232.391
232.973
233.549
234.115
234.673
235.223
235.766
236.302
236.831
237.353
237.867
238.376
238.878
239.375
239.865
240.350
240.827
241.301
241.768
242.228
242.685
243.137
243.585
244.028
244.464
244.896
245.324
245.747
246.166
246.580
246.990

T
K
1760
1780
1800
1820
1840
1860
1880
1900
1920
1940
1960
1980
2000
2050
2100
2150
2200
2250
2300
2350
2400
2450
2500
2550
2600
2650
2700
2750
2800
2850
2900
2950
3000
3050
3100
3150
3200
3250
_
h
kJ/kmol
56,227
56,938
57,651
58,363
59,075
59,790
60,504
61,220
61,936
62,654
63,381
64,090
64,810
66,612
68,417
70,226
72,040
73,856
75,676
77,496
79,320
81,149
82,981
84,814
86,650
88,488
90,328
92,171
94,014
95,859
97,705
99,556
101,407
103,260
105,115
106,972
108,830
110,690
_
u
kJ/kmol
41,594
42,139
42,685
43,231
43,777
44,324
44,873
45,423
45,973
46,524
47,075
47,627
48,181
49,567
50,957
52,351
53,749
55,149
56,553
57,958
59,366
60,779
62,195
63,613
65,033
66,455
67,880
69,306
70,734
72,163
73,593
75,028
76,464
77,902
79,341
80,782
82,224
83,668
_
s °
kJ/kmol·K
247.396
247.798
248.195
248.589
248.979
249.365
249.748
250.128
250.502
250.874
251.242
251.607
251.969
252.858
253.726
254.578
255.412
256.227
257.027
257.810
258.580
259.332
260.073
260.799
261.512
262.213
262.902
263.577
264.241
264.895
265.538
266.170
266.793
267.404
268.007
268.601
269.186
269.763
