Can't open file
Failed
0001011111000110110 1010001001101
1001110000100101101 1011001101011
0100111000011010010 1001100110101
0010111110001101101 0100110011010
1001001100110100001 0011111111011
1101101010100110001 1110010001110
0110110111010011100 1111011001111
0011011001101001010 0111111100111
0101001010000100100 1000110101110
1111001101000110110 1100101110001
0111100100100011011 0010010111000
1011010000011001001 1001001011100
0111101111110100010 0010101010110
1100111010000110011 0111111110101
1110111111000011001 1011101111010
1111011111101001100 1101110111101
1111101110100010100 1101110001000
1000111001110011110 1111001000100
1100111110111001011 0111100100010

1110011101010100001 1011100010001
0110110011111001011 0111100110111
0101001010001101010 1100010101100
1010000111000110101 0110011011110
1101100011100011110 1111001101111
1011111101001100010 0010000011110
1110100001100010011 0011010010001
1111110000110001001 1001101001000
0111111010011000100 1100100101100
0111010000110111110 1101010110010
1100011010101100101 1011111100011
1110001111011110010 1101111111001
1111100101101111101 0010101110100
0100101001011011110 1010010100011
0110011111111110101 1011001111010
0011101101111111010 1001110111101
1001010110110111101 0100101010110
1000111010 0101010100
0100000111 0111110110
0010100001 1001110011
0001110000 1110111001
1101100000 1000000111
1011010000 1100001100
0101001010 0100001110
1010000101 0000001111
1010101011 1001000001
0111011100 0101101001

1011101110 0000110100
0101010111 0010010010
1111011110 0000101001
1000110001 0000111101
1100111000 1010010110
1110111100 0101000011
010010100
011011010
101101001
100000011
010000110
001000111
