10 1 20 2 40 4 8
10 1 20 2 40 8 4
10 1 20 2 4 40 8
10 1 20 2 4 8 40
10 1 20 2 8 40 4
10 1 20 2 8 4 40
10 1 20 40 2 4 8
10 1 20 40 2 8 4
10 1 20 40 4 2 8
10 1 20 40 4 8 2
10 1 20 40 8 2 4
10 1 20 40 8 4 2
10 1 20 4 2 40 8
10 1 20 4 2 8 40
10 1 20 4 40 2 8
10 1 20 4 40 8 2
10 1 20 4 8 2 40
10 1 20 4 8 40 2
10 1 20 8 2 40 4
10 1 20 8 2 4 40
10 1 20 8 40 2 4
10 1 20 8 40 4 2
10 1 20 8 4 2 40
10 1 20 8 4 40 2
10 1 2 20 40 4 8
10 1 2 20 40 8 4
10 1 2 20 4 40 8
10 1 2 20 4 8 40
10 1 2 20 8 40 4
10 1 2 20 8 4 40
10 1 2 40 20 4 8
10 1 2 40 20 8 4
10 1 2 40 4 20 8
10 1 2 40 4 8 20
10 1 2 40 8 20 4
10 1 2 40 8 4 20
10 1 2 4 20 40 8
10 1 2 4 20 8 40
10 1 2 4 40 20 8
10 1 2 4 40 8 20
10 1 2 4 8 20 40
10 1 2 4 8 40 20
10 1 2 8 20 40 4
10 1 2 8 20 4 40
10 1 2 8 40 20 4
10 1 2 8 40 4 20
10 1 2 8 4 20 40
10 1 2 8 4 40 20
10 1 40 20 2 4 8
10 1 40 20 2 8 4
10 1 40 20 4 2 8
10 1 40 20 4 8 2
10 1 40 20 8 2 4
10 1 40 20 8 4 2
10 1 40 2 20 4 8
10 1 40 2 20 8 4
10 1 40 2 4 20 8
10 1 40 2 4 8 20
10 1 40 2 8 20 4
10 1 40 2 8 4 20
10 1 40 4 20 2 8
10 1 40 4 20 8 2
10 1 40 4 2 20 8
10 1 40 4 2 8 20
10 1 40 4 8 20 2
10 1 40 4 8 2 20
10 1 40 8 20 2 4
10 1 40 8 20 4 2
10 1 40 8 2 20 4
10 1 40 8 2 4 20
10 1 40 8 4 20 2
10 1 40 8 4 2 20
10 1 4 20 2 40 8
10 1 4 20 2 8 40
10 1 4 20 40 2 8
10 1 4 20 40 8 2
10 1 4 20 8 2 40
10 1 4 20 8 40 2
10 1 4 2 20 40 8
10 1 4 2 20 8 40
10 1 4 2 40 20 8
10 1 4 2 40 8 20
10 1 4 2 8 20 40
10 1 4 2 8 40 20
10 1 4 40 20 2 8
10 1 4 40 20 8 2
10 1 4 40 2 20 8
10 1 4 40 2 8 20
10 1 4 40 8 20 2
10 1 4 40 8 2 20
10 1 4 8 20 2 40
10 1 4 8 20 40 2
10 1 4 8 2 20 40
10 1 4 8 2 40 20
10 1 4 8 40 20 2
10 1 4 8 40 2 20
10 1 8 20 2 40 4
10 1 8 20 2 4 40
10 1 8 20 40 2 4
10 1 8 20 40 4 2
10 1 8 20 4 2 40
10 1 8 20 4 40 2
10 1 8 2 20 40 4
10 1 8 2 20 4 40
10 1 8 2 40 20 4
10 1 8 2 40 4 20
10 1 8 2 4 20 40
10 1 8 2 4 40 20
10 1 8 40 20 2 4
10 1 8 40 20 4 2
10 1 8 40 2 20 4
10 1 8 40 2 4 20
10 1 8 40 4 20 2
10 1 8 40 4 2 20
10 1 8 4 20 2 40
10 1 8 4 20 40 2
10 1 8 4 2 20 40
10 1 8 4 2 40 20
10 1 8 4 40 20 2
10 1 8 4 40 2 20
10 20 1 2 40 4 8
10 20 1 2 40 8 4
10 20 1 2 4 40 8
10 20 1 2 4 8 40
10 20 1 2 8 40 4
10 20 1 2 8 4 40
10 20 1 40 2 4 8
10 20 1 40 2 8 4
10 20 1 40 4 2 8
10 20 1 40 4 8 2
10 20 1 40 8 2 4
10 20 1 40 8 4 2
10 20 1 4 2 40 8
10 20 1 4 2 8 40
10 20 1 4 40 2 8
10 20 1 4 40 8 2
10 20 1 4 8 2 40
10 20 1 4 8 40 2
10 20 1 8 2 40 4
10 20 1 8 2 4 40
10 20 1 8 40 2 4
10 20 1 8 40 4 2
10 20 1 8 4 2 40
10 20 1 8 4 40 2
10 20 2 1 40 4 8
10 20 2 1 40 8 4
10 20 2 1 4 40 8
10 20 2 1 4 8 40
10 20 2 1 8 40 4
10 20 2 1 8 4 40
10 20 2 40 1 4 8
10 20 2 40 1 8 4
10 20 2 40 4 1 8
10 20 2 40 4 8 1
10 20 2 40 8 1 4
10 20 2 40 8 4 1
10 20 2 4 1 40 8
10 20 2 4 1 8 40
10 20 2 4 40 1 8
10 20 2 4 40 8 1
10 20 2 4 8 1 40
10 20 2 4 8 40 1
10 20 2 8 1 40 4
10 20 2 8 1 4 40
10 20 2 8 40 1 4
10 20 2 8 40 4 1
10 20 2 8 4 1 40
10 20 2 8 4 40 1
10 20 40 1 2 4 8
10 20 40 1 2 8 4
10 20 40 1 4 2 8
10 20 40 1 4 8 2
10 20 40 1 8 2 4
10 20 40 1 8 4 2
10 20 40 2 1 4 8
10 20 40 2 1 8 4
10 20 40 2 4 1 8
10 20 40 2 4 8 1
10 20 40 2 8 1 4
10 20 40 2 8 4 1
10 20 40 4 1 2 8
10 20 40 4 1 8 2
10 20 40 4 2 1 8
10 20 40 4 2 8 1
10 20 40 4 8 1 2
10 20 40 4 8 2 1
10 20 40 8 1 2 4
10 20 40 8 1 4 2
10 20 40 8 2 1 4
10 20 40 8 2 4 1
10 20 40 8 4 1 2
10 20 40 8 4 2 1
10 20 4 1 2 40 8
10 20 4 1 2 8 40
10 20 4 1 40 2 8
10 20 4 1 40 8 2
10 20 4 1 8 2 40
10 20 4 1 8 40 2
10 20 4 2 1 40 8
10 20 4 2 1 8 40
10 20 4 2 40 1 8
10 20 4 2 40 8 1
10 20 4 2 8 1 40
10 20 4 2 8 40 1
10 20 4 40 1 2 8
10 20 4 40 1 8 2
10 20 4 40 2 1 8
10 20 4 40 2 8 1
10 20 4 40 8 1 2
10 20 4 40 8 2 1
10 20 4 8 1 2 40
10 20 4 8 1 40 2
10 20 4 8 2 1 40
10 20 4 8 2 40 1
10 20 4 8 40 1 2
10 20 4 8 40 2 1
10 20 8 1 2 40 4
10 20 8 1 2 4 40
10 20 8 1 40 2 4
10 20 8 1 40 4 2
10 20 8 1 4 2 40
10 20 8 1 4 40 2
10 20 8 2 1 40 4
10 20 8 2 1 4 40
10 20 8 2 40 1 4
10 20 8 2 40 4 1
10 20 8 2 4 1 40
10 20 8 2 4 40 1
10 20 8 40 1 2 4
10 20 8 40 1 4 2
10 20 8 40 2 1 4
10 20 8 40 2 4 1
10 20 8 40 4 1 2
10 20 8 40 4 2 1
10 20 8 4 1 2 40
10 20 8 4 1 40 2
10 20 8 4 2 1 40
10 20 8 4 2 40 1
10 20 8 4 40 1 2
10 20 8 4 40 2 1
10 2 1 20 40 4 8
10 2 1 20 40 8 4
10 2 1 20 4 40 8
10 2 1 20 4 8 40
10 2 1 20 8 40 4
10 2 1 20 8 4 40
10 2 1 40 20 4 8
10 2 1 40 20 8 4
10 2 1 40 4 20 8
10 2 1 40 4 8 20
10 2 1 40 8 20 4
10 2 1 40 8 4 20
10 2 1 4 20 40 8
10 2 1 4 20 8 40
10 2 1 4 40 20 8
10 2 1 4 40 8 20
10 2 1 4 8 20 40
10 2 1 4 8 40 20
10 2 1 8 20 40 4
10 2 1 8 20 4 40
10 2 1 8 40 20 4
10 2 1 8 40 4 20
10 2 1 8 4 20 40
10 2 1 8 4 40 20
10 2 20 1 40 4 8
10 2 20 1 40 8 4
10 2 20 1 4 40 8
10 2 20 1 4 8 40
10 2 20 1 8 40 4
10 2 20 1 8 4 40
10 2 20 40 1 4 8
10 2 20 40 1 8 4
10 2 20 40 4 1 8
10 2 20 40 4 8 1
10 2 20 40 8 1 4
10 2 20 40 8 4 1
10 2 20 4 1 40 8
10 2 20 4 1 8 40
10 2 20 4 40 1 8
10 2 20 4 40 8 1
10 2 20 4 8 1 40
10 2 20 4 8 40 1
10 2 20 8 1 40 4
10 2 20 8 1 4 40
10 2 20 8 40 1 4
10 2 20 8 40 4 1
10 2 20 8 4 1 40
10 2 20 8 4 40 1
10 2 40 1 20 4 8
10 2 40 1 20 8 4
10 2 40 1 4 20 8
10 2 40 1 4 8 20
10 2 40 1 8 20 4
10 2 40 1 8 4 20
10 2 40 20 1 4 8
10 2 40 20 1 8 4
10 2 40 20 4 1 8
10 2 40 20 4 8 1
10 2 40 20 8 1 4
10 2 40 20 8 4 1
10 2 40 4 1 20 8
10 2 40 4 1 8 20
10 2 40 4 20 1 8
10 2 40 4 20 8 1
10 2 40 4 8 1 20
10 2 40 4 8 20 1
10 2 40 8 1 20 4
10 2 40 8 1 4 20
10 2 40 8 20 1 4
10 2 40 8 20 4 1
10 2 40 8 4 1 20
10 2 40 8 4 20 1
10 2 4 1 20 40 8
10 2 4 1 20 8 40
10 2 4 1 40 20 8
10 2 4 1 40 8 20
10 2 4 1 8 20 40
10 2 4 1 8 40 20
10 2 4 20 1 40 8
10 2 4 20 1 8 40
10 2 4 20 40 1 8
10 2 4 20 40 8 1
10 2 4 20 8 1 40
10 2 4 20 8 40 1
10 2 4 40 1 20 8
10 2 4 40 1 8 20
10 2 4 40 20 1 8
10 2 4 40 20 8 1
10 2 4 40 8 1 20
10 2 4 40 8 20 1
10 2 4 8 1 20 40
10 2 4 8 1 40 20
10 2 4 8 20 1 40
10 2 4 8 20 40 1
10 2 4 8 40 1 20
10 2 4 8 40 20 1
10 2 8 1 20 40 4
10 2 8 1 20 4 40
10 2 8 1 40 20 4
10 2 8 1 40 4 20
10 2 8 1 4 20 40
10 2 8 1 4 40 20
10 2 8 20 1 40 4
10 2 8 20 1 4 40
10 2 8 20 40 1 4
10 2 8 20 40 4 1
10 2 8 20 4 1 40
10 2 8 20 4 40 1
10 2 8 40 1 20 4
10 2 8 40 1 4 20
10 2 8 40 20 1 4
10 2 8 40 20 4 1
10 2 8 40 4 1 20
10 2 8 40 4 20 1
10 2 8 4 1 20 40
10 2 8 4 1 40 20
10 2 8 4 20 1 40
10 2 8 4 20 40 1
10 2 8 4 40 1 20
10 2 8 4 40 20 1
10 40 1 20 2 4 8
10 40 1 20 2 8 4
10 40 1 20 4 2 8
10 40 1 20 4 8 2
10 40 1 20 8 2 4
10 40 1 20 8 4 2
10 40 1 2 20 4 8
10 40 1 2 20 8 4
10 40 1 2 4 20 8
10 40 1 2 4 8 20
10 40 1 2 8 20 4
10 40 1 2 8 4 20
10 40 1 4 20 2 8
10 40 1 4 20 8 2
10 40 1 4 2 20 8
10 40 1 4 2 8 20
10 40 1 4 8 20 2
10 40 1 4 8 2 20
10 40 1 8 20 2 4
10 40 1 8 20 4 2
10 40 1 8 2 20 4
10 40 1 8 2 4 20
10 40 1 8 4 20 2
10 40 1 8 4 2 20
10 40 20 1 2 4 8
10 40 20 1 2 8 4
10 40 20 1 4 2 8
10 40 20 1 4 8 2
10 40 20 1 8 2 4
10 40 20 1 8 4 2
10 40 20 2 1 4 8
10 40 20 2 1 8 4
10 40 20 2 4 1 8
10 40 20 2 4 8 1
10 40 20 2 8 1 4
10 40 20 2 8 4 1
10 40 20 4 1 2 8
10 40 20 4 1 8 2
10 40 20 4 2 1 8
10 40 20 4 2 8 1
10 40 20 4 8 1 2
10 40 20 4 8 2 1
10 40 20 8 1 2 4
10 40 20 8 1 4 2
10 40 20 8 2 1 4
10 40 20 8 2 4 1
10 40 20 8 4 1 2
10 40 20 8 4 2 1
10 40 2 1 20 4 8
10 40 2 1 20 8 4
10 40 2 1 4 20 8
10 40 2 1 4 8 20
10 40 2 1 8 20 4
10 40 2 1 8 4 20
10 40 2 20 1 4 8
10 40 2 20 1 8 4
10 40 2 20 4 1 8
10 40 2 20 4 8 1
10 40 2 20 8 1 4
10 40 2 20 8 4 1
10 40 2 4 1 20 8
10 40 2 4 1 8 20
10 40 2 4 20 1 8
10 40 2 4 20 8 1
10 40 2 4 8 1 20
10 40 2 4 8 20 1
10 40 2 8 1 20 4
10 40 2 8 1 4 20
10 40 2 8 20 1 4
10 40 2 8 20 4 1
10 40 2 8 4 1 20
10 40 2 8 4 20 1
10 40 4 1 20 2 8
10 40 4 1 20 8 2
10 40 4 1 2 20 8
10 40 4 1 2 8 20
10 40 4 1 8 20 2
10 40 4 1 8 2 20
10 40 4 20 1 2 8
10 40 4 20 1 8 2
10 40 4 20 2 1 8
10 40 4 20 2 8 1
10 40 4 20 8 1 2
10 40 4 20 8 2 1
10 40 4 2 1 20 8
10 40 4 2 1 8 20
10 40 4 2 20 1 8
10 40 4 2 20 8 1
10 40 4 2 8 1 20
10 40 4 2 8 20 1
10 40 4 8 1 20 2
10 40 4 8 1 2 20
10 40 4 8 20 1 2
10 40 4 8 20 2 1
10 40 4 8 2 1 20
10 40 4 8 2 20 1
10 40 8 1 20 2 4
10 40 8 1 20 4 2
10 40 8 1 2 20 4
10 40 8 1 2 4 20
10 40 8 1 4 20 2
10 40 8 1 4 2 20
10 40 8 20 1 2 4
10 40 8 20 1 4 2
10 40 8 20 2 1 4
10 40 8 20 2 4 1
10 40 8 20 4 1 2
10 40 8 20 4 2 1
10 40 8 2 1 20 4
10 40 8 2 1 4 20
10 40 8 2 20 1 4
10 40 8 2 20 4 1
10 40 8 2 4 1 20
10 40 8 2 4 20 1
10 40 8 4 1 20 2
10 40 8 4 1 2 20
10 40 8 4 20 1 2
10 40 8 4 20 2 1
10 40 8 4 2 1 20
10 40 8 4 2 20 1
10 4 1 20 2 40 8
10 4 1 20 2 8 40
10 4 1 20 40 2 8
10 4 1 20 40 8 2
10 4 1 20 8 2 40
10 4 1 20 8 40 2
10 4 1 2 20 40 8
10 4 1 2 20 8 40
10 4 1 2 40 20 8
10 4 1 2 40 8 20
10 4 1 2 8 20 40
10 4 1 2 8 40 20
10 4 1 40 20 2 8
10 4 1 40 20 8 2
10 4 1 40 2 20 8
10 4 1 40 2 8 20
10 4 1 40 8 20 2
10 4 1 40 8 2 20
10 4 1 8 20 2 40
10 4 1 8 20 40 2
10 4 1 8 2 20 40
10 4 1 8 2 40 20
10 4 1 8 40 20 2
10 4 1 8 40 2 20
10 4 20 1 2 40 8
10 4 20 1 2 8 40
10 4 20 1 40 2 8
10 4 20 1 40 8 2
10 4 20 1 8 2 40
10 4 20 1 8 40 2
10 4 20 2 1 40 8
10 4 20 2 1 8 40
10 4 20 2 40 1 8
10 4 20 2 40 8 1
10 4 20 2 8 1 40
10 4 20 2 8 40 1
10 4 20 40 1 2 8
10 4 20 40 1 8 2
10 4 20 40 2 1 8
10 4 20 40 2 8 1
10 4 20 40 8 1 2
10 4 20 40 8 2 1
10 4 20 8 1 2 40
10 4 20 8 1 40 2
10 4 20 8 2 1 40
10 4 20 8 2 40 1
10 4 20 8 40 1 2
10 4 20 8 40 2 1
10 4 2 1 20 40 8
10 4 2 1 20 8 40
10 4 2 1 40 20 8
10 4 2 1 40 8 20
10 4 2 1 8 20 40
10 4 2 1 8 40 20
10 4 2 20 1 40 8
10 4 2 20 1 8 40
10 4 2 20 40 1 8
10 4 2 20 40 8 1
10 4 2 20 8 1 40
10 4 2 20 8 40 1
10 4 2 40 1 20 8
10 4 2 40 1 8 20
10 4 2 40 20 1 8
10 4 2 40 20 8 1
10 4 2 40 8 1 20
10 4 2 40 8 20 1
10 4 2 8 1 20 40
10 4 2 8 1 40 20
10 4 2 8 20 1 40
10 4 2 8 20 40 1
10 4 2 8 40 1 20
10 4 2 8 40 20 1
10 4 40 1 20 2 8
10 4 40 1 20 8 2
10 4 40 1 2 20 8
10 4 40 1 2 8 20
10 4 40 1 8 20 2
10 4 40 1 8 2 20
10 4 40 20 1 2 8
10 4 40 20 1 8 2
10 4 40 20 2 1 8
10 4 40 20 2 8 1
10 4 40 20 8 1 2
10 4 40 20 8 2 1
10 4 40 2 1 20 8
10 4 40 2 1 8 20
10 4 40 2 20 1 8
10 4 40 2 20 8 1
10 4 40 2 8 1 20
10 4 40 2 8 20 1
10 4 40 8 1 20 2
10 4 40 8 1 2 20
10 4 40 8 20 1 2
10 4 40 8 20 2 1
10 4 40 8 2 1 20
10 4 40 8 2 20 1
10 4 8 1 20 2 40
10 4 8 1 20 40 2
10 4 8 1 2 20 40
10 4 8 1 2 40 20
10 4 8 1 40 20 2
10 4 8 1 40 2 20
10 4 8 20 1 2 40
10 4 8 20 1 40 2
10 4 8 20 2 1 40
10 4 8 20 2 40 1
10 4 8 20 40 1 2
10 4 8 20 40 2 1
10 4 8 2 1 20 40
10 4 8 2 1 40 20
10 4 8 2 20 1 40
10 4 8 2 20 40 1
10 4 8 2 40 1 20
10 4 8 2 40 20 1
10 4 8 40 1 20 2
10 4 8 40 1 2 20
10 4 8 40 20 1 2
10 4 8 40 20 2 1
10 4 8 40 2 1 20
10 4 8 40 2 20 1
10 8 1 20 2 40 4
10 8 1 20 2 4 40
10 8 1 20 40 2 4
10 8 1 20 40 4 2
10 8 1 20 4 2 40
10 8 1 20 4 40 2
10 8 1 2 20 40 4
10 8 1 2 20 4 40
10 8 1 2 40 20 4
10 8 1 2 40 4 20
10 8 1 2 4 20 40
10 8 1 2 4 40 20
10 8 1 40 20 2 4
10 8 1 40 20 4 2
10 8 1 40 2 20 4
10 8 1 40 2 4 20
10 8 1 40 4 20 2
10 8 1 40 4 2 20
10 8 1 4 20 2 40
10 8 1 4 20 40 2
10 8 1 4 2 20 40
10 8 1 4 2 40 20
10 8 1 4 40 20 2
10 8 1 4 40 2 20
10 8 20 1 2 40 4
10 8 20 1 2 4 40
10 8 20 1 40 2 4
10 8 20 1 40 4 2
10 8 20 1 4 2 40
10 8 20 1 4 40 2
10 8 20 2 1 40 4
10 8 20 2 1 4 40
10 8 20 2 40 1 4
10 8 20 2 40 4 1
10 8 20 2 4 1 40
10 8 20 2 4 40 1
10 8 20 40 1 2 4
10 8 20 40 1 4 2
10 8 20 40 2 1 4
10 8 20 40 2 4 1
10 8 20 40 4 1 2
10 8 20 40 4 2 1
10 8 20 4 1 2 40
10 8 20 4 1 40 2
10 8 20 4 2 1 40
10 8 20 4 2 40 1
10 8 20 4 40 1 2
10 8 20 4 40 2 1
10 8 2 1 20 40 4
10 8 2 1 20 4 40
10 8 2 1 40 20 4
10 8 2 1 40 4 20
10 8 2 1 4 20 40
10 8 2 1 4 40 20
10 8 2 20 1 40 4
10 8 2 20 1 4 40
10 8 2 20 40 1 4
10 8 2 20 40 4 1
10 8 2 20 4 1 40
10 8 2 20 4 40 1
10 8 2 40 1 20 4
10 8 2 40 1 4 20
10 8 2 40 20 1 4
10 8 2 40 20 4 1
10 8 2 40 4 1 20
10 8 2 40 4 20 1
10 8 2 4 1 20 40
10 8 2 4 1 40 20
10 8 2 4 20 1 40
10 8 2 4 20 40 1
10 8 2 4 40 1 20
10 8 2 4 40 20 1
10 8 40 1 20 2 4
10 8 40 1 20 4 2
10 8 40 1 2 20 4
10 8 40 1 2 4 20
10 8 40 1 4 20 2
10 8 40 1 4 2 20
10 8 40 20 1 2 4
10 8 40 20 1 4 2
10 8 40 20 2 1 4
10 8 40 20 2 4 1
10 8 40 20 4 1 2
10 8 40 20 4 2 1
10 8 40 2 1 20 4
10 8 40 2 1 4 20
10 8 40 2 20 1 4
10 8 40 2 20 4 1
10 8 40 2 4 1 20
10 8 40 2 4 20 1
10 8 40 4 1 20 2
10 8 40 4 1 2 20
10 8 40 4 20 1 2
10 8 40 4 20 2 1
10 8 40 4 2 1 20
10 8 40 4 2 20 1
10 8 4 1 20 2 40
10 8 4 1 20 40 2
10 8 4 1 2 20 40
10 8 4 1 2 40 20
10 8 4 1 40 20 2
10 8 4 1 40 2 20
10 8 4 20 1 2 40
10 8 4 20 1 40 2
10 8 4 20 2 1 40
10 8 4 20 2 40 1
10 8 4 20 40 1 2
10 8 4 20 40 2 1
10 8 4 2 1 20 40
10 8 4 2 1 40 20
10 8 4 2 20 1 40
10 8 4 2 20 40 1
10 8 4 2 40 1 20
10 8 4 2 40 20 1
10 8 4 40 1 20 2
10 8 4 40 1 2 20
10 8 4 40 20 1 2
10 8 4 40 20 2 1
10 8 4 40 2 1 20
10 8 4 40 2 20 1
1 10 20 2 40 4 8
1 10 20 2 40 8 4
1 10 20 2 4 40 8
1 10 20 2 4 8 40
1 10 20 2 8 40 4
1 10 20 2 8 4 40
1 10 20 40 2 4 8
1 10 20 40 2 8 4
1 10 20 40 4 2 8
1 10 20 40 4 8 2
1 10 20 40 8 2 4
1 10 20 40 8 4 2
1 10 20 4 2 40 8
1 10 20 4 2 8 40
1 10 20 4 40 2 8
1 10 20 4 40 8 2
1 10 20 4 8 2 40
1 10 20 4 8 40 2
1 10 20 8 2 40 4
1 10 20 8 2 4 40
1 10 20 8 40 2 4
1 10 20 8 40 4 2
1 10 20 8 4 2 40
1 10 20 8 4 40 2
1 10 2 20 40 4 8
1 10 2 20 40 8 4
1 10 2 20 4 40 8
1 10 2 20 4 8 40
1 10 2 20 8 40 4
1 10 2 20 8 4 40
1 10 2 40 20 4 8
1 10 2 40 20 8 4
1 10 2 40 4 20 8
1 10 2 40 4 8 20
1 10 2 40 8 20 4
1 10 2 40 8 4 20
1 10 2 4 20 40 8
1 10 2 4 20 8 40
1 10 2 4 40 20 8
1 10 2 4 40 8 20
1 10 2 4 8 20 40
1 10 2 4 8 40 20
1 10 2 8 20 40 4
1 10 2 8 20 4 40
1 10 2 8 40 20 4
1 10 2 8 40 4 20
1 10 2 8 4 20 40
1 10 2 8 4 40 20
1 10 40 20 2 4 8
1 10 40 20 2 8 4
1 10 40 20 4 2 8
1 10 40 20 4 8 2
1 10 40 20 8 2 4
1 10 40 20 8 4 2
1 10 40 2 20 4 8
1 10 40 2 20 8 4
1 10 40 2 4 20 8
1 10 40 2 4 8 20
1 10 40 2 8 20 4
1 10 40 2 8 4 20
1 10 40 4 20 2 8
1 10 40 4 20 8 2
1 10 40 4 2 20 8
1 10 40 4 2 8 20
1 10 40 4 8 20 2
1 10 40 4 8 2 20
1 10 40 8 20 2 4
1 10 40 8 20 4 2
1 10 40 8 2 20 4
1 10 40 8 2 4 20
1 10 40 8 4 20 2
1 10 40 8 4 2 20
1 10 4 20 2 40 8
1 10 4 20 2 8 40
1 10 4 20 40 2 8
1 10 4 20 40 8 2
1 10 4 20 8 2 40
1 10 4 20 8 40 2
1 10 4 2 20 40 8
1 10 4 2 20 8 40
1 10 4 2 40 20 8
1 10 4 2 40 8 20
1 10 4 2 8 20 40
1 10 4 2 8 40 20
1 10 4 40 20 2 8
1 10 4 40 20 8 2
1 10 4 40 2 20 8
1 10 4 40 2 8 20
1 10 4 40 8 20 2
1 10 4 40 8 2 20
1 10 4 8 20 2 40
1 10 4 8 20 40 2
1 10 4 8 2 20 40
1 10 4 8 2 40 20
1 10 4 8 40 20 2
1 10 4 8 40 2 20
1 10 8 20 2 40 4
1 10 8 20 2 4 40
1 10 8 20 40 2 4
1 10 8 20 40 4 2
1 10 8 20 4 2 40
1 10 8 20 4 40 2
1 10 8 2 20 40 4
1 10 8 2 20 4 40
1 10 8 2 40 20 4
1 10 8 2 40 4 20
1 10 8 2 4 20 40
1 10 8 2 4 40 20
1 10 8 40 20 2 4
1 10 8 40 20 4 2
1 10 8 40 2 20 4
1 10 8 40 2 4 20
1 10 8 40 4 20 2
1 10 8 40 4 2 20
1 10 8 4 20 2 40
1 10 8 4 20 40 2
1 10 8 4 2 20 40
1 10 8 4 2 40 20
1 10 8 4 40 20 2
1 10 8 4 40 2 20
1 20 10 2 40 4 8
1 20 10 2 40 8 4
1 20 10 2 4 40 8
1 20 10 2 4 8 40
1 20 10 2 8 40 4
1 20 10 2 8 4 40
1 20 10 40 2 4 8
1 20 10 40 2 8 4
1 20 10 40 4 2 8
1 20 10 40 4 8 2
1 20 10 40 8 2 4
1 20 10 40 8 4 2
1 20 10 4 2 40 8
1 20 10 4 2 8 40
1 20 10 4 40 2 8
1 20 10 4 40 8 2
1 20 10 4 8 2 40
1 20 10 4 8 40 2
1 20 10 8 2 40 4
1 20 10 8 2 4 40
1 20 10 8 40 2 4
1 20 10 8 40 4 2
1 20 10 8 4 2 40
1 20 10 8 4 40 2
1 20 2 10 40 4 8
1 20 2 10 40 8 4
1 20 2 10 4 40 8
1 20 2 10 4 8 40
1 20 2 10 8 40 4
1 20 2 10 8 4 40
1 20 2 40 10 4 8
1 20 2 40 10 8 4
1 20 2 40 4 10 8
1 20 2 40 4 8 10
1 20 2 40 8 10 4
1 20 2 40 8 4 10
1 20 2 4 10 40 8
1 20 2 4 10 8 40
1 20 2 4 40 10 8
1 20 2 4 40 8 10
1 20 2 4 8 10 40
1 20 2 4 8 40 10
1 20 2 8 10 40 4
1 20 2 8 10 4 40
1 20 2 8 40 10 4
1 20 2 8 40 4 10
1 20 2 8 4 10 40
1 20 2 8 4 40 10
1 20 40 10 2 4 8
1 20 40 10 2 8 4
1 20 40 10 4 2 8
1 20 40 10 4 8 2
1 20 40 10 8 2 4
1 20 40 10 8 4 2
1 20 40 2 10 4 8
1 20 40 2 10 8 4
1 20 40 2 4 10 8
1 20 40 2 4 8 10
1 20 40 2 8 10 4
1 20 40 2 8 4 10
1 20 40 4 10 2 8
1 20 40 4 10 8 2
1 20 40 4 2 10 8
1 20 40 4 2 8 10
1 20 40 4 8 10 2
1 20 40 4 8 2 10
1 20 40 8 10 2 4
1 20 40 8 10 4 2
1 20 40 8 2 10 4
1 20 40 8 2 4 10
1 20 40 8 4 10 2
1 20 40 8 4 2 10
1 20 4 10 2 40 8
1 20 4 10 2 8 40
1 20 4 10 40 2 8
1 20 4 10 40 8 2
1 20 4 10 8 2 40
1 20 4 10 8 40 2
1 20 4 2 10 40 8
1 20 4 2 10 8 40
1 20 4 2 40 10 8
1 20 4 2 40 8 10
1 20 4 2 8 10 40
1 20 4 2 8 40 10
1 20 4 40 10 2 8
1 20 4 40 10 8 2
1 20 4 40 2 10 8
1 20 4 40 2 8 10
1 20 4 40 8 10 2
1 20 4 40 8 2 10
1 20 4 8 10 2 40
1 20 4 8 10 40 2
1 20 4 8 2 10 40
1 20 4 8 2 40 10
1 20 4 8 40 10 2
1 20 4 8 40 2 10
1 20 8 10 2 40 4
1 20 8 10 2 4 40
1 20 8 10 40 2 4
1 20 8 10 40 4 2
1 20 8 10 4 2 40
1 20 8 10 4 40 2
1 20 8 2 10 40 4
1 20 8 2 10 4 40
1 20 8 2 40 10 4
1 20 8 2 40 4 10
1 20 8 2 4 10 40
1 20 8 2 4 40 10
1 20 8 40 10 2 4
1 20 8 40 10 4 2
1 20 8 40 2 10 4
1 20 8 40 2 4 10
1 20 8 40 4 10 2
1 20 8 40 4 2 10
1 20 8 4 10 2 40
1 20 8 4 10 40 2
1 20 8 4 2 10 40
1 20 8 4 2 40 10
1 20 8 4 40 10 2
1 20 8 4 40 2 10
1 2 10 20 40 4 8
1 2 10 20 40 8 4
1 2 10 20 4 40 8
1 2 10 20 4 8 40
1 2 10 20 8 40 4
1 2 10 20 8 4 40
1 2 10 40 20 4 8
1 2 10 40 20 8 4
1 2 10 40 4 20 8
1 2 10 40 4 8 20
1 2 10 40 8 20 4
1 2 10 40 8 4 20
1 2 10 4 20 40 8
1 2 10 4 20 8 40
1 2 10 4 40 20 8
1 2 10 4 40 8 20
1 2 10 4 8 20 40
1 2 10 4 8 40 20
1 2 10 8 20 40 4
1 2 10 8 20 4 40
1 2 10 8 40 20 4
1 2 10 8 40 4 20
1 2 10 8 4 20 40
1 2 10 8 4 40 20
1 2 20 10 40 4 8
1 2 20 10 40 8 4
1 2 20 10 4 40 8
1 2 20 10 4 8 40
1 2 20 10 8 40 4
1 2 20 10 8 4 40
1 2 20 40 10 4 8
1 2 20 40 10 8 4
1 2 20 40 4 10 8
1 2 20 40 4 8 10
1 2 20 40 8 10 4
1 2 20 40 8 4 10
1 2 20 4 10 40 8
1 2 20 4 10 8 40
1 2 20 4 40 10 8
1 2 20 4 40 8 10
1 2 20 4 8 10 40
1 2 20 4 8 40 10
1 2 20 8 10 40 4
1 2 20 8 10 4 40
1 2 20 8 40 10 4
1 2 20 8 40 4 10
1 2 20 8 4 10 40
1 2 20 8 4 40 10
1 2 40 10 20 4 8
1 2 40 10 20 8 4
1 2 40 10 4 20 8
1 2 40 10 4 8 20
1 2 40 10 8 20 4
1 2 40 10 8 4 20
1 2 40 20 10 4 8
1 2 40 20 10 8 4
1 2 40 20 4 10 8
1 2 40 20 4 8 10
1 2 40 20 8 10 4
1 2 40 20 8 4 10
1 2 40 4 10 20 8
1 2 40 4 10 8 20
1 2 40 4 20 10 8
1 2 40 4 20 8 10
1 2 40 4 8 10 20
1 2 40 4 8 20 10
1 2 40 8 10 20 4
1 2 40 8 10 4 20
1 2 40 8 20 10 4
1 2 40 8 20 4 10
1 2 40 8 4 10 20
1 2 40 8 4 20 10
1 2 4 10 20 40 8
1 2 4 10 20 8 40
1 2 4 10 40 20 8
1 2 4 10 40 8 20
1 2 4 10 8 20 40
1 2 4 10 8 40 20
1 2 4 20 10 40 8
1 2 4 20 10 8 40
1 2 4 20 40 10 8
1 2 4 20 40 8 10
1 2 4 20 8 10 40
1 2 4 20 8 40 10
1 2 4 40 10 20 8
1 2 4 40 10 8 20
1 2 4 40 20 10 8
1 2 4 40 20 8 10
1 2 4 40 8 10 20
1 2 4 40 8 20 10
1 2 4 8 10 20 40
1 2 4 8 10 40 20
1 2 4 8 20 10 40
1 2 4 8 20 40 10
1 2 4 8 40 10 20
1 2 4 8 40 20 10
1 2 8 10 20 40 4
1 2 8 10 20 4 40
1 2 8 10 40 20 4
1 2 8 10 40 4 20
1 2 8 10 4 20 40
1 2 8 10 4 40 20
1 2 8 20 10 40 4
1 2 8 20 10 4 40
1 2 8 20 40 10 4
1 2 8 20 40 4 10
1 2 8 20 4 10 40
1 2 8 20 4 40 10
1 2 8 40 10 20 4
1 2 8 40 10 4 20
1 2 8 40 20 10 4
1 2 8 40 20 4 10
1 2 8 40 4 10 20
1 2 8 40 4 20 10
1 2 8 4 10 20 40
1 2 8 4 10 40 20
1 2 8 4 20 10 40
1 2 8 4 20 40 10
1 2 8 4 40 10 20
1 2 8 4 40 20 10
1 40 10 20 2 4 8
1 40 10 20 2 8 4
1 40 10 20 4 2 8
1 40 10 20 4 8 2
1 40 10 20 8 2 4
1 40 10 20 8 4 2
1 40 10 2 20 4 8
1 40 10 2 20 8 4
1 40 10 2 4 20 8
1 40 10 2 4 8 20
1 40 10 2 8 20 4
1 40 10 2 8 4 20
1 40 10 4 20 2 8
1 40 10 4 20 8 2
1 40 10 4 2 20 8
1 40 10 4 2 8 20
1 40 10 4 8 20 2
1 40 10 4 8 2 20
1 40 10 8 20 2 4
1 40 10 8 20 4 2
1 40 10 8 2 20 4
1 40 10 8 2 4 20
1 40 10 8 4 20 2
1 40 10 8 4 2 20
1 40 20 10 2 4 8
1 40 20 10 2 8 4
1 40 20 10 4 2 8
1 40 20 10 4 8 2
1 40 20 10 8 2 4
1 40 20 10 8 4 2
1 40 20 2 10 4 8
1 40 20 2 10 8 4
1 40 20 2 4 10 8
1 40 20 2 4 8 10
1 40 20 2 8 10 4
1 40 20 2 8 4 10
1 40 20 4 10 2 8
1 40 20 4 10 8 2
1 40 20 4 2 10 8
1 40 20 4 2 8 10
1 40 20 4 8 10 2
1 40 20 4 8 2 10
1 40 20 8 10 2 4
1 40 20 8 10 4 2
1 40 20 8 2 10 4
1 40 20 8 2 4 10
1 40 20 8 4 10 2
1 40 20 8 4 2 10
1 40 2 10 20 4 8
1 40 2 10 20 8 4
1 40 2 10 4 20 8
1 40 2 10 4 8 20
1 40 2 10 8 20 4
1 40 2 10 8 4 20
1 40 2 20 10 4 8
1 40 2 20 10 8 4
1 40 2 20 4 10 8
1 40 2 20 4 8 10
1 40 2 20 8 10 4
1 40 2 20 8 4 10
1 40 2 4 10 20 8
1 40 2 4 10 8 20
1 40 2 4 20 10 8
1 40 2 4 20 8 10
1 40 2 4 8 10 20
1 40 2 4 8 20 10
1 40 2 8 10 20 4
1 40 2 8 10 4 20
1 40 2 8 20 10 4
1 40 2 8 20 4 10
1 40 2 8 4 10 20
1 40 2 8 4 20 10
1 40 4 10 20 2 8
1 40 4 10 20 8 2
1 40 4 10 2 20 8
1 40 4 10 2 8 20
1 40 4 10 8 20 2
1 40 4 10 8 2 20
1 40 4 20 10 2 8
1 40 4 20 10 8 2
1 40 4 20 2 10 8
1 40 4 20 2 8 10
1 40 4 20 8 10 2
1 40 4 20 8 2 10
1 40 4 2 10 20 8
1 40 4 2 10 8 20
1 40 4 2 20 10 8
1 40 4 2 20 8 10
1 40 4 2 8 10 20
1 40 4 2 8 20 10
1 40 4 8 10 20 2
1 40 4 8 10 2 20
1 40 4 8 20 10 2
1 40 4 8 20 2 10
1 40 4 8 2 10 20
1 40 4 8 2 20 10
1 40 8 10 20 2 4
1 40 8 10 20 4 2
1 40 8 10 2 20 4
1 40 8 10 2 4 20
1 40 8 10 4 20 2
1 40 8 10 4 2 20
1 40 8 20 10 2 4
1 40 8 20 10 4 2
1 40 8 20 2 10 4
1 40 8 20 2 4 10
1 40 8 20 4 10 2
1 40 8 20 4 2 10
1 40 8 2 10 20 4
1 40 8 2 10 4 20
1 40 8 2 20 10 4
1 40 8 2 20 4 10
1 40 8 2 4 10 20
1 40 8 2 4 20 10
1 40 8 4 10 20 2
1 40 8 4 10 2 20
1 40 8 4 20 10 2
1 40 8 4 20 2 10
1 40 8 4 2 10 20
1 40 8 4 2 20 10
1 4 10 20 2 40 8
1 4 10 20 2 8 40
1 4 10 20 40 2 8
1 4 10 20 40 8 2
1 4 10 20 8 2 40
1 4 10 20 8 40 2
1 4 10 2 20 40 8
1 4 10 2 20 8 40
1 4 10 2 40 20 8
1 4 10 2 40 8 20
1 4 10 2 8 20 40
1 4 10 2 8 40 20
1 4 10 40 20 2 8
1 4 10 40 20 8 2
1 4 10 40 2 20 8
1 4 10 40 2 8 20
1 4 10 40 8 20 2
1 4 10 40 8 2 20
1 4 10 8 20 2 40
1 4 10 8 20 40 2
1 4 10 8 2 20 40
1 4 10 8 2 40 20
1 4 10 8 40 20 2
1 4 10 8 40 2 20
1 4 20 10 2 40 8
1 4 20 10 2 8 40
1 4 20 10 40 2 8
1 4 20 10 40 8 2
1 4 20 10 8 2 40
1 4 20 10 8 40 2
1 4 20 2 10 40 8
1 4 20 2 10 8 40
1 4 20 2 40 10 8
1 4 20 2 40 8 10
1 4 20 2 8 10 40
1 4 20 2 8 40 10
1 4 20 40 10 2 8
1 4 20 40 10 8 2
1 4 20 40 2 10 8
1 4 20 40 2 8 10
1 4 20 40 8 10 2
1 4 20 40 8 2 10
1 4 20 8 10 2 40
1 4 20 8 10 40 2
1 4 20 8 2 10 40
1 4 20 8 2 40 10
1 4 20 8 40 10 2
1 4 20 8 40 2 10
1 4 2 10 20 40 8
1 4 2 10 20 8 40
1 4 2 10 40 20 8
1 4 2 10 40 8 20
1 4 2 10 8 20 40
1 4 2 10 8 40 20
1 4 2 20 10 40 8
1 4 2 20 10 8 40
1 4 2 20 40 10 8
1 4 2 20 40 8 10
1 4 2 20 8 10 40
1 4 2 20 8 40 10
1 4 2 40 10 20 8
1 4 2 40 10 8 20
1 4 2 40 20 10 8
1 4 2 40 20 8 10
1 4 2 40 8 10 20
1 4 2 40 8 20 10
1 4 2 8 10 20 40
1 4 2 8 10 40 20
1 4 2 8 20 10 40
1 4 2 8 20 40 10
1 4 2 8 40 10 20
1 4 2 8 40 20 10
1 4 40 10 20 2 8
1 4 40 10 20 8 2
1 4 40 10 2 20 8
1 4 40 10 2 8 20
1 4 40 10 8 20 2
1 4 40 10 8 2 20
1 4 40 20 10 2 8
1 4 40 20 10 8 2
1 4 40 20 2 10 8
1 4 40 20 2 8 10
1 4 40 20 8 10 2
1 4 40 20 8 2 10
1 4 40 2 10 20 8
1 4 40 2 10 8 20
1 4 40 2 20 10 8
1 4 40 2 20 8 10
1 4 40 2 8 10 20
1 4 40 2 8 20 10
1 4 40 8 10 20 2
1 4 40 8 10 2 20
1 4 40 8 20 10 2
1 4 40 8 20 2 10
1 4 40 8 2 10 20
1 4 40 8 2 20 10
1 4 8 10 20 2 40
1 4 8 10 20 40 2
1 4 8 10 2 20 40
1 4 8 10 2 40 20
1 4 8 10 40 20 2
1 4 8 10 40 2 20
1 4 8 20 10 2 40
1 4 8 20 10 40 2
1 4 8 20 2 10 40
1 4 8 20 2 40 10
1 4 8 20 40 10 2
1 4 8 20 40 2 10
1 4 8 2 10 20 40
1 4 8 2 10 40 20
1 4 8 2 20 10 40
1 4 8 2 20 40 10
1 4 8 2 40 10 20
1 4 8 2 40 20 10
1 4 8 40 10 20 2
1 4 8 40 10 2 20
1 4 8 40 20 10 2
1 4 8 40 20 2 10
1 4 8 40 2 10 20
1 4 8 40 2 20 10
1 8 10 20 2 40 4
1 8 10 20 2 4 40
1 8 10 20 40 2 4
1 8 10 20 40 4 2
1 8 10 20 4 2 40
1 8 10 20 4 40 2
1 8 10 2 20 40 4
1 8 10 2 20 4 40
1 8 10 2 40 20 4
1 8 10 2 40 4 20
1 8 10 2 4 20 40
1 8 10 2 4 40 20
1 8 10 40 20 2 4
1 8 10 40 20 4 2
1 8 10 40 2 20 4
1 8 10 40 2 4 20
1 8 10 40 4 20 2
1 8 10 40 4 2 20
1 8 10 4 20 2 40
1 8 10 4 20 40 2
1 8 10 4 2 20 40
1 8 10 4 2 40 20
1 8 10 4 40 20 2
1 8 10 4 40 2 20
1 8 20 10 2 40 4
1 8 20 10 2 4 40
1 8 20 10 40 2 4
1 8 20 10 40 4 2
1 8 20 10 4 2 40
1 8 20 10 4 40 2
1 8 20 2 10 40 4
1 8 20 2 10 4 40
1 8 20 2 40 10 4
1 8 20 2 40 4 10
1 8 20 2 4 10 40
1 8 20 2 4 40 10
1 8 20 40 10 2 4
1 8 20 40 10 4 2
1 8 20 40 2 10 4
1 8 20 40 2 4 10
1 8 20 40 4 10 2
1 8 20 40 4 2 10
1 8 20 4 10 2 40
1 8 20 4 10 40 2
1 8 20 4 2 10 40
1 8 20 4 2 40 10
1 8 20 4 40 10 2
1 8 20 4 40 2 10
1 8 2 10 20 40 4
1 8 2 10 20 4 40
1 8 2 10 40 20 4
1 8 2 10 40 4 20
1 8 2 10 4 20 40
1 8 2 10 4 40 20
1 8 2 20 10 40 4
1 8 2 20 10 4 40
1 8 2 20 40 10 4
1 8 2 20 40 4 10
1 8 2 20 4 10 40
1 8 2 20 4 40 10
1 8 2 40 10 20 4
1 8 2 40 10 4 20
1 8 2 40 20 10 4
1 8 2 40 20 4 10
1 8 2 40 4 10 20
1 8 2 40 4 20 10
1 8 2 4 10 20 40
1 8 2 4 10 40 20
1 8 2 4 20 10 40
1 8 2 4 20 40 10
1 8 2 4 40 10 20
1 8 2 4 40 20 10
1 8 40 10 20 2 4
1 8 40 10 20 4 2
1 8 40 10 2 20 4
1 8 40 10 2 4 20
1 8 40 10 4 20 2
1 8 40 10 4 2 20
1 8 40 20 10 2 4
1 8 40 20 10 4 2
1 8 40 20 2 10 4
1 8 40 20 2 4 10
1 8 40 20 4 10 2
1 8 40 20 4 2 10
1 8 40 2 10 20 4
1 8 40 2 10 4 20
1 8 40 2 20 10 4
1 8 40 2 20 4 10
1 8 40 2 4 10 20
1 8 40 2 4 20 10
1 8 40 4 10 20 2
1 8 40 4 10 2 20
1 8 40 4 20 10 2
1 8 40 4 20 2 10
1 8 40 4 2 10 20
1 8 40 4 2 20 10
1 8 4 10 20 2 40
1 8 4 10 20 40 2
1 8 4 10 2 20 40
1 8 4 10 2 40 20
1 8 4 10 40 20 2
1 8 4 10 40 2 20
1 8 4 20 10 2 40
1 8 4 20 10 40 2
1 8 4 20 2 10 40
1 8 4 20 2 40 10
1 8 4 20 40 10 2
1 8 4 20 40 2 10
1 8 4 2 10 20 40
1 8 4 2 10 40 20
1 8 4 2 20 10 40
1 8 4 2 20 40 10
1 8 4 2 40 10 20
1 8 4 2 40 20 10
1 8 4 40 10 20 2
1 8 4 40 10 2 20
1 8 4 40 20 10 2
1 8 4 40 20 2 10
1 8 4 40 2 10 20
1 8 4 40 2 20 10
20 10 1 2 40 4 8
20 10 1 2 40 8 4
20 10 1 2 4 40 8
20 10 1 2 4 8 40
20 10 1 2 8 40 4
20 10 1 2 8 4 40
20 10 1 40 2 4 8
20 10 1 40 2 8 4
20 10 1 40 4 2 8
20 10 1 40 4 8 2
20 10 1 40 8 2 4
20 10 1 40 8 4 2
20 10 1 4 2 40 8
20 10 1 4 2 8 40
20 10 1 4 40 2 8
20 10 1 4 40 8 2
20 10 1 4 8 2 40
20 10 1 4 8 40 2
20 10 1 8 2 40 4
20 10 1 8 2 4 40
20 10 1 8 40 2 4
20 10 1 8 40 4 2
20 10 1 8 4 2 40
20 10 1 8 4 40 2
20 10 2 1 40 4 8
20 10 2 1 40 8 4
20 10 2 1 4 40 8
20 10 2 1 4 8 40
20 10 2 1 8 40 4
20 10 2 1 8 4 40
20 10 2 40 1 4 8
20 10 2 40 1 8 4
20 10 2 40 4 1 8
20 10 2 40 4 8 1
20 10 2 40 8 1 4
20 10 2 40 8 4 1
20 10 2 4 1 40 8
20 10 2 4 1 8 40
20 10 2 4 40 1 8
20 10 2 4 40 8 1
20 10 2 4 8 1 40
20 10 2 4 8 40 1
20 10 2 8 1 40 4
20 10 2 8 1 4 40
20 10 2 8 40 1 4
20 10 2 8 40 4 1
20 10 2 8 4 1 40
20 10 2 8 4 40 1
20 10 40 1 2 4 8
20 10 40 1 2 8 4
20 10 40 1 4 2 8
20 10 40 1 4 8 2
20 10 40 1 8 2 4
20 10 40 1 8 4 2
20 10 40 2 1 4 8
20 10 40 2 1 8 4
20 10 40 2 4 1 8
20 10 40 2 4 8 1
20 10 40 2 8 1 4
20 10 40 2 8 4 1
20 10 40 4 1 2 8
20 10 40 4 1 8 2
20 10 40 4 2 1 8
20 10 40 4 2 8 1
20 10 40 4 8 1 2
20 10 40 4 8 2 1
20 10 40 8 1 2 4
20 10 40 8 1 4 2
20 10 40 8 2 1 4
20 10 40 8 2 4 1
20 10 40 8 4 1 2
20 10 40 8 4 2 1
20 10 4 1 2 40 8
20 10 4 1 2 8 40
20 10 4 1 40 2 8
20 10 4 1 40 8 2
20 10 4 1 8 2 40
20 10 4 1 8 40 2
20 10 4 2 1 40 8
20 10 4 2 1 8 40
20 10 4 2 40 1 8
20 10 4 2 40 8 1
20 10 4 2 8 1 40
20 10 4 2 8 40 1
20 10 4 40 1 2 8
20 10 4 40 1 8 2
20 10 4 40 2 1 8
20 10 4 40 2 8 1
20 10 4 40 8 1 2
20 10 4 40 8 2 1
20 10 4 8 1 2 40
20 10 4 8 1 40 2
20 10 4 8 2 1 40
20 10 4 8 2 40 1
20 10 4 8 40 1 2
20 10 4 8 40 2 1
20 10 8 1 2 40 4
20 10 8 1 2 4 40
20 10 8 1 40 2 4
20 10 8 1 40 4 2
20 10 8 1 4 2 40
20 10 8 1 4 40 2
20 10 8 2 1 40 4
20 10 8 2 1 4 40
20 10 8 2 40 1 4
20 10 8 2 40 4 1
20 10 8 2 4 1 40
20 10 8 2 4 40 1
20 10 8 40 1 2 4
20 10 8 40 1 4 2
20 10 8 40 2 1 4
20 10 8 40 2 4 1
20 10 8 40 4 1 2
20 10 8 40 4 2 1
20 10 8 4 1 2 40
20 10 8 4 1 40 2
20 10 8 4 2 1 40
20 10 8 4 2 40 1
20 10 8 4 40 1 2
20 10 8 4 40 2 1
20 1 10 2 40 4 8
20 1 10 2 40 8 4
20 1 10 2 4 40 8
20 1 10 2 4 8 40
20 1 10 2 8 40 4
20 1 10 2 8 4 40
20 1 10 40 2 4 8
20 1 10 40 2 8 4
20 1 10 40 4 2 8
20 1 10 40 4 8 2
20 1 10 40 8 2 4
20 1 10 40 8 4 2
20 1 10 4 2 40 8
20 1 10 4 2 8 40
20 1 10 4 40 2 8
20 1 10 4 40 8 2
20 1 10 4 8 2 40
20 1 10 4 8 40 2
20 1 10 8 2 40 4
20 1 10 8 2 4 40
20 1 10 8 40 2 4
20 1 10 8 40 4 2
20 1 10 8 4 2 40
20 1 10 8 4 40 2
20 1 2 10 40 4 8
20 1 2 10 40 8 4
20 1 2 10 4 40 8
20 1 2 10 4 8 40
20 1 2 10 8 40 4
20 1 2 10 8 4 40
20 1 2 40 10 4 8
20 1 2 40 10 8 4
20 1 2 40 4 10 8
20 1 2 40 4 8 10
20 1 2 40 8 10 4
20 1 2 40 8 4 10
20 1 2 4 10 40 8
20 1 2 4 10 8 40
20 1 2 4 40 10 8
20 1 2 4 40 8 10
20 1 2 4 8 10 40
20 1 2 4 8 40 10
20 1 2 8 10 40 4
20 1 2 8 10 4 40
20 1 2 8 40 10 4
20 1 2 8 40 4 10
20 1 2 8 4 10 40
20 1 2 8 4 40 10
20 1 40 10 2 4 8
20 1 40 10 2 8 4
20 1 40 10 4 2 8
20 1 40 10 4 8 2
20 1 40 10 8 2 4
20 1 40 10 8 4 2
20 1 40 2 10 4 8
20 1 40 2 10 8 4
20 1 40 2 4 10 8
20 1 40 2 4 8 10
20 1 40 2 8 10 4
20 1 40 2 8 4 10
20 1 40 4 10 2 8
20 1 40 4 10 8 2
20 1 40 4 2 10 8
20 1 40 4 2 8 10
20 1 40 4 8 10 2
20 1 40 4 8 2 10
20 1 40 8 10 2 4
20 1 40 8 10 4 2
20 1 40 8 2 10 4
20 1 40 8 2 4 10
20 1 40 8 4 10 2
20 1 40 8 4 2 10
20 1 4 10 2 40 8
20 1 4 10 2 8 40
20 1 4 10 40 2 8
20 1 4 10 40 8 2
20 1 4 10 8 2 40
20 1 4 10 8 40 2
20 1 4 2 10 40 8
20 1 4 2 10 8 40
20 1 4 2 40 10 8
20 1 4 2 40 8 10
20 1 4 2 8 10 40
20 1 4 2 8 40 10
20 1 4 40 10 2 8
20 1 4 40 10 8 2
20 1 4 40 2 10 8
20 1 4 40 2 8 10
20 1 4 40 8 10 2
20 1 4 40 8 2 10
20 1 4 8 10 2 40
20 1 4 8 10 40 2
20 1 4 8 2 10 40
20 1 4 8 2 40 10
20 1 4 8 40 10 2
20 1 4 8 40 2 10
20 1 8 10 2 40 4
20 1 8 10 2 4 40
20 1 8 10 40 2 4
20 1 8 10 40 4 2
20 1 8 10 4 2 40
20 1 8 10 4 40 2
20 1 8 2 10 40 4
20 1 8 2 10 4 40
20 1 8 2 40 10 4
20 1 8 2 40 4 10
20 1 8 2 4 10 40
20 1 8 2 4 40 10
20 1 8 40 10 2 4
20 1 8 40 10 4 2
20 1 8 40 2 10 4
20 1 8 40 2 4 10
20 1 8 40 4 10 2
20 1 8 40 4 2 10
20 1 8 4 10 2 40
20 1 8 4 10 40 2
20 1 8 4 2 10 40
20 1 8 4 2 40 10
20 1 8 4 40 10 2
20 1 8 4 40 2 10
20 2 10 1 40 4 8
20 2 10 1 40 8 4
20 2 10 1 4 40 8
20 2 10 1 4 8 40
20 2 10 1 8 40 4
20 2 10 1 8 4 40
20 2 10 40 1 4 8
20 2 10 40 1 8 4
20 2 10 40 4 1 8
20 2 10 40 4 8 1
20 2 10 40 8 1 4
20 2 10 40 8 4 1
20 2 10 4 1 40 8
20 2 10 4 1 8 40
20 2 10 4 40 1 8
20 2 10 4 40 8 1
20 2 10 4 8 1 40
20 2 10 4 8 40 1
20 2 10 8 1 40 4
20 2 10 8 1 4 40
20 2 10 8 40 1 4
20 2 10 8 40 4 1
20 2 10 8 4 1 40
20 2 10 8 4 40 1
20 2 1 10 40 4 8
20 2 1 10 40 8 4
20 2 1 10 4 40 8
20 2 1 10 4 8 40
20 2 1 10 8 40 4
20 2 1 10 8 4 40
20 2 1 40 10 4 8
20 2 1 40 10 8 4
20 2 1 40 4 10 8
20 2 1 40 4 8 10
20 2 1 40 8 10 4
20 2 1 40 8 4 10
20 2 1 4 10 40 8
20 2 1 4 10 8 40
20 2 1 4 40 10 8
20 2 1 4 40 8 10
20 2 1 4 8 10 40
20 2 1 4 8 40 10
20 2 1 8 10 40 4
20 2 1 8 10 4 40
20 2 1 8 40 10 4
20 2 1 8 40 4 10
20 2 1 8 4 10 40
20 2 1 8 4 40 10
20 2 40 10 1 4 8
20 2 40 10 1 8 4
20 2 40 10 4 1 8
20 2 40 10 4 8 1
20 2 40 10 8 1 4
20 2 40 10 8 4 1
20 2 40 1 10 4 8
20 2 40 1 10 8 4
20 2 40 1 4 10 8
20 2 40 1 4 8 10
20 2 40 1 8 10 4
20 2 40 1 8 4 10
20 2 40 4 10 1 8
20 2 40 4 10 8 1
20 2 40 4 1 10 8
20 2 40 4 1 8 10
20 2 40 4 8 10 1
20 2 40 4 8 1 10
20 2 40 8 10 1 4
20 2 40 8 10 4 1
20 2 40 8 1 10 4
20 2 40 8 1 4 10
20 2 40 8 4 10 1
20 2 40 8 4 1 10
20 2 4 10 1 40 8
20 2 4 10 1 8 40
20 2 4 10 40 1 8
20 2 4 10 40 8 1
20 2 4 10 8 1 40
20 2 4 10 8 40 1
20 2 4 1 10 40 8
20 2 4 1 10 8 40
20 2 4 1 40 10 8
20 2 4 1 40 8 10
20 2 4 1 8 10 40
20 2 4 1 8 40 10
20 2 4 40 10 1 8
20 2 4 40 10 8 1
20 2 4 40 1 10 8
20 2 4 40 1 8 10
20 2 4 40 8 10 1
20 2 4 40 8 1 10
20 2 4 8 10 1 40
20 2 4 8 10 40 1
20 2 4 8 1 10 40
20 2 4 8 1 40 10
20 2 4 8 40 10 1
20 2 4 8 40 1 10
20 2 8 10 1 40 4
20 2 8 10 1 4 40
20 2 8 10 40 1 4
20 2 8 10 40 4 1
20 2 8 10 4 1 40
20 2 8 10 4 40 1
20 2 8 1 10 40 4
20 2 8 1 10 4 40
20 2 8 1 40 10 4
20 2 8 1 40 4 10
20 2 8 1 4 10 40
20 2 8 1 4 40 10
20 2 8 40 10 1 4
20 2 8 40 10 4 1
20 2 8 40 1 10 4
20 2 8 40 1 4 10
20 2 8 40 4 10 1
20 2 8 40 4 1 10
20 2 8 4 10 1 40
20 2 8 4 10 40 1
20 2 8 4 1 10 40
20 2 8 4 1 40 10
20 2 8 4 40 10 1
20 2 8 4 40 1 10
20 40 10 1 2 4 8
20 40 10 1 2 8 4
20 40 10 1 4 2 8
20 40 10 1 4 8 2
20 40 10 1 8 2 4
20 40 10 1 8 4 2
20 40 10 2 1 4 8
20 40 10 2 1 8 4
20 40 10 2 4 1 8
20 40 10 2 4 8 1
20 40 10 2 8 1 4
20 40 10 2 8 4 1
20 40 10 4 1 2 8
20 40 10 4 1 8 2
20 40 10 4 2 1 8
20 40 10 4 2 8 1
20 40 10 4 8 1 2
20 40 10 4 8 2 1
20 40 10 8 1 2 4
20 40 10 8 1 4 2
20 40 10 8 2 1 4
20 40 10 8 2 4 1
20 40 10 8 4 1 2
20 40 10 8 4 2 1
20 40 1 10 2 4 8
20 40 1 10 2 8 4
20 40 1 10 4 2 8
20 40 1 10 4 8 2
20 40 1 10 8 2 4
20 40 1 10 8 4 2
20 40 1 2 10 4 8
20 40 1 2 10 8 4
20 40 1 2 4 10 8
20 40 1 2 4 8 10
20 40 1 2 8 10 4
20 40 1 2 8 4 10
20 40 1 4 10 2 8
20 40 1 4 10 8 2
20 40 1 4 2 10 8
20 40 1 4 2 8 10
20 40 1 4 8 10 2
20 40 1 4 8 2 10
20 40 1 8 10 2 4
20 40 1 8 10 4 2
20 40 1 8 2 10 4
20 40 1 8 2 4 10
20 40 1 8 4 10 2
20 40 1 8 4 2 10
20 40 2 10 1 4 8
20 40 2 10 1 8 4
20 40 2 10 4 1 8
20 40 2 10 4 8 1
20 40 2 10 8 1 4
20 40 2 10 8 4 1
20 40 2 1 10 4 8
20 40 2 1 10 8 4
20 40 2 1 4 10 8
20 40 2 1 4 8 10
20 40 2 1 8 10 4
20 40 2 1 8 4 10
20 40 2 4 10 1 8
20 40 2 4 10 8 1
20 40 2 4 1 10 8
20 40 2 4 1 8 10
20 40 2 4 8 10 1
20 40 2 4 8 1 10
20 40 2 8 10 1 4
20 40 2 8 10 4 1
20 40 2 8 1 10 4
20 40 2 8 1 4 10
20 40 2 8 4 10 1
20 40 2 8 4 1 10
20 40 4 10 1 2 8
20 40 4 10 1 8 2
20 40 4 10 2 1 8
20 40 4 10 2 8 1
20 40 4 10 8 1 2
20 40 4 10 8 2 1
20 40 4 1 10 2 8
20 40 4 1 10 8 2
20 40 4 1 2 10 8
20 40 4 1 2 8 10
20 40 4 1 8 10 2
20 40 4 1 8 2 10
20 40 4 2 10 1 8
20 40 4 2 10 8 1
20 40 4 2 1 10 8
20 40 4 2 1 8 10
20 40 4 2 8 10 1
20 40 4 2 8 1 10
20 40 4 8 10 1 2
20 40 4 8 10 2 1
20 40 4 8 1 10 2
20 40 4 8 1 2 10
20 40 4 8 2 10 1
20 40 4 8 2 1 10
20 40 8 10 1 2 4
20 40 8 10 1 4 2
20 40 8 10 2 1 4
20 40 8 10 2 4 1
20 40 8 10 4 1 2
20 40 8 10 4 2 1
20 40 8 1 10 2 4
20 40 8 1 10 4 2
20 40 8 1 2 10 4
20 40 8 1 2 4 10
20 40 8 1 4 10 2
20 40 8 1 4 2 10
20 40 8 2 10 1 4
20 40 8 2 10 4 1
20 40 8 2 1 10 4
20 40 8 2 1 4 10
20 40 8 2 4 10 1
20 40 8 2 4 1 10
20 40 8 4 10 1 2
20 40 8 4 10 2 1
20 40 8 4 1 10 2
20 40 8 4 1 2 10
20 40 8 4 2 10 1
20 40 8 4 2 1 10
20 4 10 1 2 40 8
20 4 10 1 2 8 40
20 4 10 1 40 2 8
20 4 10 1 40 8 2
20 4 10 1 8 2 40
20 4 10 1 8 40 2
20 4 10 2 1 40 8
20 4 10 2 1 8 40
20 4 10 2 40 1 8
20 4 10 2 40 8 1
20 4 10 2 8 1 40
20 4 10 2 8 40 1
20 4 10 40 1 2 8
20 4 10 40 1 8 2
20 4 10 40 2 1 8
20 4 10 40 2 8 1
20 4 10 40 8 1 2
20 4 10 40 8 2 1
20 4 10 8 1 2 40
20 4 10 8 1 40 2
20 4 10 8 2 1 40
20 4 10 8 2 40 1
20 4 10 8 40 1 2
20 4 10 8 40 2 1
20 4 1 10 2 40 8
20 4 1 10 2 8 40
20 4 1 10 40 2 8
20 4 1 10 40 8 2
20 4 1 10 8 2 40
20 4 1 10 8 40 2
20 4 1 2 10 40 8
20 4 1 2 10 8 40
20 4 1 2 40 10 8
20 4 1 2 40 8 10
20 4 1 2 8 10 40
20 4 1 2 8 40 10
20 4 1 40 10 2 8
20 4 1 40 10 8 2
20 4 1 40 2 10 8
20 4 1 40 2 8 10
20 4 1 40 8 10 2
20 4 1 40 8 2 10
20 4 1 8 10 2 40
20 4 1 8 10 40 2
20 4 1 8 2 10 40
20 4 1 8 2 40 10
20 4 1 8 40 10 2
20 4 1 8 40 2 10
20 4 2 10 1 40 8
20 4 2 10 1 8 40
20 4 2 10 40 1 8
20 4 2 10 40 8 1
20 4 2 10 8 1 40
20 4 2 10 8 40 1
20 4 2 1 10 40 8
20 4 2 1 10 8 40
20 4 2 1 40 10 8
20 4 2 1 40 8 10
20 4 2 1 8 10 40
20 4 2 1 8 40 10
20 4 2 40 10 1 8
20 4 2 40 10 8 1
20 4 2 40 1 10 8
20 4 2 40 1 8 10
20 4 2 40 8 10 1
20 4 2 40 8 1 10
20 4 2 8 10 1 40
20 4 2 8 10 40 1
20 4 2 8 1 10 40
20 4 2 8 1 40 10
20 4 2 8 40 10 1
20 4 2 8 40 1 10
20 4 40 10 1 2 8
20 4 40 10 1 8 2
20 4 40 10 2 1 8
20 4 40 10 2 8 1
20 4 40 10 8 1 2
20 4 40 10 8 2 1
20 4 40 1 10 2 8
20 4 40 1 10 8 2
20 4 40 1 2 10 8
20 4 40 1 2 8 10
20 4 40 1 8 10 2
20 4 40 1 8 2 10
20 4 40 2 10 1 8
20 4 40 2 10 8 1
20 4 40 2 1 10 8
20 4 40 2 1 8 10
20 4 40 2 8 10 1
20 4 40 2 8 1 10
20 4 40 8 10 1 2
20 4 40 8 10 2 1
20 4 40 8 1 10 2
20 4 40 8 1 2 10
20 4 40 8 2 10 1
20 4 40 8 2 1 10
20 4 8 10 1 2 40
20 4 8 10 1 40 2
20 4 8 10 2 1 40
20 4 8 10 2 40 1
20 4 8 10 40 1 2
20 4 8 10 40 2 1
20 4 8 1 10 2 40
20 4 8 1 10 40 2
20 4 8 1 2 10 40
20 4 8 1 2 40 10
20 4 8 1 40 10 2
20 4 8 1 40 2 10
20 4 8 2 10 1 40
20 4 8 2 10 40 1
20 4 8 2 1 10 40
20 4 8 2 1 40 10
20 4 8 2 40 10 1
20 4 8 2 40 1 10
20 4 8 40 10 1 2
20 4 8 40 10 2 1
20 4 8 40 1 10 2
20 4 8 40 1 2 10
20 4 8 40 2 10 1
20 4 8 40 2 1 10
20 8 10 1 2 40 4
20 8 10 1 2 4 40
20 8 10 1 40 2 4
20 8 10 1 40 4 2
20 8 10 1 4 2 40
20 8 10 1 4 40 2
20 8 10 2 1 40 4
20 8 10 2 1 4 40
20 8 10 2 40 1 4
20 8 10 2 40 4 1
20 8 10 2 4 1 40
20 8 10 2 4 40 1
20 8 10 40 1 2 4
20 8 10 40 1 4 2
20 8 10 40 2 1 4
20 8 10 40 2 4 1
20 8 10 40 4 1 2
20 8 10 40 4 2 1
20 8 10 4 1 2 40
20 8 10 4 1 40 2
20 8 10 4 2 1 40
20 8 10 4 2 40 1
20 8 10 4 40 1 2
20 8 10 4 40 2 1
20 8 1 10 2 40 4
20 8 1 10 2 4 40
20 8 1 10 40 2 4
20 8 1 10 40 4 2
20 8 1 10 4 2 40
20 8 1 10 4 40 2
20 8 1 2 10 40 4
20 8 1 2 10 4 40
20 8 1 2 40 10 4
20 8 1 2 40 4 10
20 8 1 2 4 10 40
20 8 1 2 4 40 10
20 8 1 40 10 2 4
20 8 1 40 10 4 2
20 8 1 40 2 10 4
20 8 1 40 2 4 10
20 8 1 40 4 10 2
20 8 1 40 4 2 10
20 8 1 4 10 2 40
20 8 1 4 10 40 2
20 8 1 4 2 10 40
20 8 1 4 2 40 10
20 8 1 4 40 10 2
20 8 1 4 40 2 10
20 8 2 10 1 40 4
20 8 2 10 1 4 40
20 8 2 10 40 1 4
20 8 2 10 40 4 1
20 8 2 10 4 1 40
20 8 2 10 4 40 1
20 8 2 1 10 40 4
20 8 2 1 10 4 40
20 8 2 1 40 10 4
20 8 2 1 40 4 10
20 8 2 1 4 10 40
20 8 2 1 4 40 10
20 8 2 40 10 1 4
20 8 2 40 10 4 1
20 8 2 40 1 10 4
20 8 2 40 1 4 10
20 8 2 40 4 10 1
20 8 2 40 4 1 10
20 8 2 4 10 1 40
20 8 2 4 10 40 1
20 8 2 4 1 10 40
20 8 2 4 1 40 10
20 8 2 4 40 10 1
20 8 2 4 40 1 10
20 8 40 10 1 2 4
20 8 40 10 1 4 2
20 8 40 10 2 1 4
20 8 40 10 2 4 1
20 8 40 10 4 1 2
20 8 40 10 4 2 1
20 8 40 1 10 2 4
20 8 40 1 10 4 2
20 8 40 1 2 10 4
20 8 40 1 2 4 10
20 8 40 1 4 10 2
20 8 40 1 4 2 10
20 8 40 2 10 1 4
20 8 40 2 10 4 1
20 8 40 2 1 10 4
20 8 40 2 1 4 10
20 8 40 2 4 10 1
20 8 40 2 4 1 10
20 8 40 4 10 1 2
20 8 40 4 10 2 1
20 8 40 4 1 10 2
20 8 40 4 1 2 10
20 8 40 4 2 10 1
20 8 40 4 2 1 10
20 8 4 10 1 2 40
20 8 4 10 1 40 2
20 8 4 10 2 1 40
20 8 4 10 2 40 1
20 8 4 10 40 1 2
20 8 4 10 40 2 1
20 8 4 1 10 2 40
20 8 4 1 10 40 2
20 8 4 1 2 10 40
20 8 4 1 2 40 10
20 8 4 1 40 10 2
20 8 4 1 40 2 10
20 8 4 2 10 1 40
20 8 4 2 10 40 1
20 8 4 2 1 10 40
20 8 4 2 1 40 10
20 8 4 2 40 10 1
20 8 4 2 40 1 10
20 8 4 40 10 1 2
20 8 4 40 10 2 1
20 8 4 40 1 10 2
20 8 4 40 1 2 10
20 8 4 40 2 10 1
20 8 4 40 2 1 10
2 10 1 20 40 4 8
2 10 1 20 40 8 4
2 10 1 20 4 40 8
2 10 1 20 4 8 40
2 10 1 20 8 40 4
2 10 1 20 8 4 40
2 10 1 40 20 4 8
2 10 1 40 20 8 4
2 10 1 40 4 20 8
2 10 1 40 4 8 20
2 10 1 40 8 20 4
2 10 1 40 8 4 20
2 10 1 4 20 40 8
2 10 1 4 20 8 40
2 10 1 4 40 20 8
2 10 1 4 40 8 20
2 10 1 4 8 20 40
2 10 1 4 8 40 20
2 10 1 8 20 40 4
2 10 1 8 20 4 40
2 10 1 8 40 20 4
2 10 1 8 40 4 20
2 10 1 8 4 20 40
2 10 1 8 4 40 20
2 10 20 1 40 4 8
2 10 20 1 40 8 4
2 10 20 1 4 40 8
2 10 20 1 4 8 40
2 10 20 1 8 40 4
2 10 20 1 8 4 40
2 10 20 40 1 4 8
2 10 20 40 1 8 4
2 10 20 40 4 1 8
2 10 20 40 4 8 1
2 10 20 40 8 1 4
2 10 20 40 8 4 1
2 10 20 4 1 40 8
2 10 20 4 1 8 40
2 10 20 4 40 1 8
2 10 20 4 40 8 1
2 10 20 4 8 1 40
2 10 20 4 8 40 1
2 10 20 8 1 40 4
2 10 20 8 1 4 40
2 10 20 8 40 1 4
2 10 20 8 40 4 1
2 10 20 8 4 1 40
2 10 20 8 4 40 1
2 10 40 1 20 4 8
2 10 40 1 20 8 4
2 10 40 1 4 20 8
2 10 40 1 4 8 20
2 10 40 1 8 20 4
2 10 40 1 8 4 20
2 10 40 20 1 4 8
2 10 40 20 1 8 4
2 10 40 20 4 1 8
2 10 40 20 4 8 1
2 10 40 20 8 1 4
2 10 40 20 8 4 1
2 10 40 4 1 20 8
2 10 40 4 1 8 20
2 10 40 4 20 1 8
2 10 40 4 20 8 1
2 10 40 4 8 1 20
2 10 40 4 8 20 1
2 10 40 8 1 20 4
2 10 40 8 1 4 20
2 10 40 8 20 1 4
2 10 40 8 20 4 1
2 10 40 8 4 1 20
2 10 40 8 4 20 1
2 10 4 1 20 40 8
2 10 4 1 20 8 40
2 10 4 1 40 20 8
2 10 4 1 40 8 20
2 10 4 1 8 20 40
2 10 4 1 8 40 20
2 10 4 20 1 40 8
2 10 4 20 1 8 40
2 10 4 20 40 1 8
2 10 4 20 40 8 1
2 10 4 20 8 1 40
2 10 4 20 8 40 1
2 10 4 40 1 20 8
2 10 4 40 1 8 20
2 10 4 40 20 1 8
2 10 4 40 20 8 1
2 10 4 40 8 1 20
2 10 4 40 8 20 1
2 10 4 8 1 20 40
2 10 4 8 1 40 20
2 10 4 8 20 1 40
2 10 4 8 20 40 1
2 10 4 8 40 1 20
2 10 4 8 40 20 1
2 10 8 1 20 40 4
2 10 8 1 20 4 40
2 10 8 1 40 20 4
2 10 8 1 40 4 20
2 10 8 1 4 20 40
2 10 8 1 4 40 20
2 10 8 20 1 40 4
2 10 8 20 1 4 40
2 10 8 20 40 1 4
2 10 8 20 40 4 1
2 10 8 20 4 1 40
2 10 8 20 4 40 1
2 10 8 40 1 20 4
2 10 8 40 1 4 20
2 10 8 40 20 1 4
2 10 8 40 20 4 1
2 10 8 40 4 1 20
2 10 8 40 4 20 1
2 10 8 4 1 20 40
2 10 8 4 1 40 20
2 10 8 4 20 1 40
2 10 8 4 20 40 1
2 10 8 4 40 1 20
2 10 8 4 40 20 1
2 1 10 20 40 4 8
2 1 10 20 40 8 4
2 1 10 20 4 40 8
2 1 10 20 4 8 40
2 1 10 20 8 40 4
2 1 10 20 8 4 40
2 1 10 40 20 4 8
2 1 10 40 20 8 4
2 1 10 40 4 20 8
2 1 10 40 4 8 20
2 1 10 40 8 20 4
2 1 10 40 8 4 20
2 1 10 4 20 40 8
2 1 10 4 20 8 40
2 1 10 4 40 20 8
2 1 10 4 40 8 20
2 1 10 4 8 20 40
2 1 10 4 8 40 20
2 1 10 8 20 40 4
2 1 10 8 20 4 40
2 1 10 8 40 20 4
2 1 10 8 40 4 20
2 1 10 8 4 20 40
2 1 10 8 4 40 20
2 1 20 10 40 4 8
2 1 20 10 40 8 4
2 1 20 10 4 40 8
2 1 20 10 4 8 40
2 1 20 10 8 40 4
2 1 20 10 8 4 40
2 1 20 40 10 4 8
2 1 20 40 10 8 4
2 1 20 40 4 10 8
2 1 20 40 4 8 10
2 1 20 40 8 10 4
2 1 20 40 8 4 10
2 1 20 4 10 40 8
2 1 20 4 10 8 40
2 1 20 4 40 10 8
2 1 20 4 40 8 10
2 1 20 4 8 10 40
2 1 20 4 8 40 10
2 1 20 8 10 40 4
2 1 20 8 10 4 40
2 1 20 8 40 10 4
2 1 20 8 40 4 10
2 1 20 8 4 10 40
2 1 20 8 4 40 10
2 1 40 10 20 4 8
2 1 40 10 20 8 4
2 1 40 10 4 20 8
2 1 40 10 4 8 20
2 1 40 10 8 20 4
2 1 40 10 8 4 20
2 1 40 20 10 4 8
2 1 40 20 10 8 4
2 1 40 20 4 10 8
2 1 40 20 4 8 10
2 1 40 20 8 10 4
2 1 40 20 8 4 10
2 1 40 4 10 20 8
2 1 40 4 10 8 20
2 1 40 4 20 10 8
2 1 40 4 20 8 10
2 1 40 4 8 10 20
2 1 40 4 8 20 10
2 1 40 8 10 20 4
2 1 40 8 10 4 20
2 1 40 8 20 10 4
2 1 40 8 20 4 10
2 1 40 8 4 10 20
2 1 40 8 4 20 10
2 1 4 10 20 40 8
2 1 4 10 20 8 40
2 1 4 10 40 20 8
2 1 4 10 40 8 20
2 1 4 10 8 20 40
2 1 4 10 8 40 20
2 1 4 20 10 40 8
2 1 4 20 10 8 40
2 1 4 20 40 10 8
2 1 4 20 40 8 10
2 1 4 20 8 10 40
2 1 4 20 8 40 10
2 1 4 40 10 20 8
2 1 4 40 10 8 20
2 1 4 40 20 10 8
2 1 4 40 20 8 10
2 1 4 40 8 10 20
2 1 4 40 8 20 10
2 1 4 8 10 20 40
2 1 4 8 10 40 20
2 1 4 8 20 10 40
2 1 4 8 20 40 10
2 1 4 8 40 10 20
2 1 4 8 40 20 10
2 1 8 10 20 40 4
2 1 8 10 20 4 40
2 1 8 10 40 20 4
2 1 8 10 40 4 20
2 1 8 10 4 20 40
2 1 8 10 4 40 20
2 1 8 20 10 40 4
2 1 8 20 10 4 40
2 1 8 20 40 10 4
2 1 8 20 40 4 10
2 1 8 20 4 10 40
2 1 8 20 4 40 10
2 1 8 40 10 20 4
2 1 8 40 10 4 20
2 1 8 40 20 10 4
2 1 8 40 20 4 10
2 1 8 40 4 10 20
2 1 8 40 4 20 10
2 1 8 4 10 20 40
2 1 8 4 10 40 20
2 1 8 4 20 10 40
2 1 8 4 20 40 10
2 1 8 4 40 10 20
2 1 8 4 40 20 10
2 20 10 1 40 4 8
2 20 10 1 40 8 4
2 20 10 1 4 40 8
2 20 10 1 4 8 40
2 20 10 1 8 40 4
2 20 10 1 8 4 40
2 20 10 40 1 4 8
2 20 10 40 1 8 4
2 20 10 40 4 1 8
2 20 10 40 4 8 1
2 20 10 40 8 1 4
2 20 10 40 8 4 1
2 20 10 4 1 40 8
2 20 10 4 1 8 40
2 20 10 4 40 1 8
2 20 10 4 40 8 1
2 20 10 4 8 1 40
2 20 10 4 8 40 1
2 20 10 8 1 40 4
2 20 10 8 1 4 40
2 20 10 8 40 1 4
2 20 10 8 40 4 1
2 20 10 8 4 1 40
2 20 10 8 4 40 1
2 20 1 10 40 4 8
2 20 1 10 40 8 4
2 20 1 10 4 40 8
2 20 1 10 4 8 40
2 20 1 10 8 40 4
2 20 1 10 8 4 40
2 20 1 40 10 4 8
2 20 1 40 10 8 4
2 20 1 40 4 10 8
2 20 1 40 4 8 10
2 20 1 40 8 10 4
2 20 1 40 8 4 10
2 20 1 4 10 40 8
2 20 1 4 10 8 40
2 20 1 4 40 10 8
2 20 1 4 40 8 10
2 20 1 4 8 10 40
2 20 1 4 8 40 10
2 20 1 8 10 40 4
2 20 1 8 10 4 40
2 20 1 8 40 10 4
2 20 1 8 40 4 10
2 20 1 8 4 10 40
2 20 1 8 4 40 10
2 20 40 10 1 4 8
2 20 40 10 1 8 4
2 20 40 10 4 1 8
2 20 40 10 4 8 1
2 20 40 10 8 1 4
2 20 40 10 8 4 1
2 20 40 1 10 4 8
2 20 40 1 10 8 4
2 20 40 1 4 10 8
2 20 40 1 4 8 10
2 20 40 1 8 10 4
2 20 40 1 8 4 10
2 20 40 4 10 1 8
2 20 40 4 10 8 1
2 20 40 4 1 10 8
2 20 40 4 1 8 10
2 20 40 4 8 10 1
2 20 40 4 8 1 10
2 20 40 8 10 1 4
2 20 40 8 10 4 1
2 20 40 8 1 10 4
2 20 40 8 1 4 10
2 20 40 8 4 10 1
2 20 40 8 4 1 10
2 20 4 10 1 40 8
2 20 4 10 1 8 40
2 20 4 10 40 1 8
2 20 4 10 40 8 1
2 20 4 10 8 1 40
2 20 4 10 8 40 1
2 20 4 1 10 40 8
2 20 4 1 10 8 40
2 20 4 1 40 10 8
2 20 4 1 40 8 10
2 20 4 1 8 10 40
2 20 4 1 8 40 10
2 20 4 40 10 1 8
2 20 4 40 10 8 1
2 20 4 40 1 10 8
2 20 4 40 1 8 10
2 20 4 40 8 10 1
2 20 4 40 8 1 10
2 20 4 8 10 1 40
2 20 4 8 10 40 1
2 20 4 8 1 10 40
2 20 4 8 1 40 10
2 20 4 8 40 10 1
2 20 4 8 40 1 10
2 20 8 10 1 40 4
2 20 8 10 1 4 40
2 20 8 10 40 1 4
2 20 8 10 40 4 1
2 20 8 10 4 1 40
2 20 8 10 4 40 1
2 20 8 1 10 40 4
2 20 8 1 10 4 40
2 20 8 1 40 10 4
2 20 8 1 40 4 10
2 20 8 1 4 10 40
2 20 8 1 4 40 10
2 20 8 40 10 1 4
2 20 8 40 10 4 1
2 20 8 40 1 10 4
2 20 8 40 1 4 10
2 20 8 40 4 10 1
2 20 8 40 4 1 10
2 20 8 4 10 1 40
2 20 8 4 10 40 1
2 20 8 4 1 10 40
2 20 8 4 1 40 10
2 20 8 4 40 10 1
2 20 8 4 40 1 10
2 40 10 1 20 4 8
2 40 10 1 20 8 4
2 40 10 1 4 20 8
2 40 10 1 4 8 20
2 40 10 1 8 20 4
2 40 10 1 8 4 20
2 40 10 20 1 4 8
2 40 10 20 1 8 4
2 40 10 20 4 1 8
2 40 10 20 4 8 1
2 40 10 20 8 1 4
2 40 10 20 8 4 1
2 40 10 4 1 20 8
2 40 10 4 1 8 20
2 40 10 4 20 1 8
2 40 10 4 20 8 1
2 40 10 4 8 1 20
2 40 10 4 8 20 1
2 40 10 8 1 20 4
2 40 10 8 1 4 20
2 40 10 8 20 1 4
2 40 10 8 20 4 1
2 40 10 8 4 1 20
2 40 10 8 4 20 1
2 40 1 10 20 4 8
2 40 1 10 20 8 4
2 40 1 10 4 20 8
2 40 1 10 4 8 20
2 40 1 10 8 20 4
2 40 1 10 8 4 20
2 40 1 20 10 4 8
2 40 1 20 10 8 4
2 40 1 20 4 10 8
2 40 1 20 4 8 10
2 40 1 20 8 10 4
2 40 1 20 8 4 10
2 40 1 4 10 20 8
2 40 1 4 10 8 20
2 40 1 4 20 10 8
2 40 1 4 20 8 10
2 40 1 4 8 10 20
2 40 1 4 8 20 10
2 40 1 8 10 20 4
2 40 1 8 10 4 20
2 40 1 8 20 10 4
2 40 1 8 20 4 10
2 40 1 8 4 10 20
2 40 1 8 4 20 10
2 40 20 10 1 4 8
2 40 20 10 1 8 4
2 40 20 10 4 1 8
2 40 20 10 4 8 1
2 40 20 10 8 1 4
2 40 20 10 8 4 1
2 40 20 1 10 4 8
2 40 20 1 10 8 4
2 40 20 1 4 10 8
2 40 20 1 4 8 10
2 40 20 1 8 10 4
2 40 20 1 8 4 10
2 40 20 4 10 1 8
2 40 20 4 10 8 1
2 40 20 4 1 10 8
2 40 20 4 1 8 10
2 40 20 4 8 10 1
2 40 20 4 8 1 10
2 40 20 8 10 1 4
2 40 20 8 10 4 1
2 40 20 8 1 10 4
2 40 20 8 1 4 10
2 40 20 8 4 10 1
2 40 20 8 4 1 10
2 40 4 10 1 20 8
2 40 4 10 1 8 20
2 40 4 10 20 1 8
2 40 4 10 20 8 1
2 40 4 10 8 1 20
2 40 4 10 8 20 1
2 40 4 1 10 20 8
2 40 4 1 10 8 20
2 40 4 1 20 10 8
2 40 4 1 20 8 10
2 40 4 1 8 10 20
2 40 4 1 8 20 10
2 40 4 20 10 1 8
2 40 4 20 10 8 1
2 40 4 20 1 10 8
2 40 4 20 1 8 10
2 40 4 20 8 10 1
2 40 4 20 8 1 10
2 40 4 8 10 1 20
2 40 4 8 10 20 1
2 40 4 8 1 10 20
2 40 4 8 1 20 10
2 40 4 8 20 10 1
2 40 4 8 20 1 10
2 40 8 10 1 20 4
2 40 8 10 1 4 20
2 40 8 10 20 1 4
2 40 8 10 20 4 1
2 40 8 10 4 1 20
2 40 8 10 4 20 1
2 40 8 1 10 20 4
2 40 8 1 10 4 20
2 40 8 1 20 10 4
2 40 8 1 20 4 10
2 40 8 1 4 10 20
2 40 8 1 4 20 10
2 40 8 20 10 1 4
2 40 8 20 10 4 1
2 40 8 20 1 10 4
2 40 8 20 1 4 10
2 40 8 20 4 10 1
2 40 8 20 4 1 10
2 40 8 4 10 1 20
2 40 8 4 10 20 1
2 40 8 4 1 10 20
2 40 8 4 1 20 10
2 40 8 4 20 10 1
2 40 8 4 20 1 10
2 4 10 1 20 40 8
2 4 10 1 20 8 40
2 4 10 1 40 20 8
2 4 10 1 40 8 20
2 4 10 1 8 20 40
2 4 10 1 8 40 20
2 4 10 20 1 40 8
2 4 10 20 1 8 40
2 4 10 20 40 1 8
2 4 10 20 40 8 1
2 4 10 20 8 1 40
2 4 10 20 8 40 1
2 4 10 40 1 20 8
2 4 10 40 1 8 20
2 4 10 40 20 1 8
2 4 10 40 20 8 1
2 4 10 40 8 1 20
2 4 10 40 8 20 1
2 4 10 8 1 20 40
2 4 10 8 1 40 20
2 4 10 8 20 1 40
2 4 10 8 20 40 1
2 4 10 8 40 1 20
2 4 10 8 40 20 1
2 4 1 10 20 40 8
2 4 1 10 20 8 40
2 4 1 10 40 20 8
2 4 1 10 40 8 20
2 4 1 10 8 20 40
2 4 1 10 8 40 20
2 4 1 20 10 40 8
2 4 1 20 10 8 40
2 4 1 20 40 10 8
2 4 1 20 40 8 10
2 4 1 20 8 10 40
2 4 1 20 8 40 10
2 4 1 40 10 20 8
2 4 1 40 10 8 20
2 4 1 40 20 10 8
2 4 1 40 20 8 10
2 4 1 40 8 10 20
2 4 1 40 8 20 10
2 4 1 8 10 20 40
2 4 1 8 10 40 20
2 4 1 8 20 10 40
2 4 1 8 20 40 10
2 4 1 8 40 10 20
2 4 1 8 40 20 10
2 4 20 10 1 40 8
2 4 20 10 1 8 40
2 4 20 10 40 1 8
2 4 20 10 40 8 1
2 4 20 10 8 1 40
2 4 20 10 8 40 1
2 4 20 1 10 40 8
2 4 20 1 10 8 40
2 4 20 1 40 10 8
2 4 20 1 40 8 10
2 4 20 1 8 10 40
2 4 20 1 8 40 10
2 4 20 40 10 1 8
2 4 20 40 10 8 1
2 4 20 40 1 10 8
2 4 20 40 1 8 10
2 4 20 40 8 10 1
2 4 20 40 8 1 10
2 4 20 8 10 1 40
2 4 20 8 10 40 1
2 4 20 8 1 10 40
2 4 20 8 1 40 10
2 4 20 8 40 10 1
2 4 20 8 40 1 10
2 4 40 10 1 20 8
2 4 40 10 1 8 20
2 4 40 10 20 1 8
2 4 40 10 20 8 1
2 4 40 10 8 1 20
2 4 40 10 8 20 1
2 4 40 1 10 20 8
2 4 40 1 10 8 20
2 4 40 1 20 10 8
2 4 40 1 20 8 10
2 4 40 1 8 10 20
2 4 40 1 8 20 10
2 4 40 20 10 1 8
2 4 40 20 10 8 1
2 4 40 20 1 10 8
2 4 40 20 1 8 10
2 4 40 20 8 10 1
2 4 40 20 8 1 10
2 4 40 8 10 1 20
2 4 40 8 10 20 1
2 4 40 8 1 10 20
2 4 40 8 1 20 10
2 4 40 8 20 10 1
2 4 40 8 20 1 10
2 4 8 10 1 20 40
2 4 8 10 1 40 20
2 4 8 10 20 1 40
2 4 8 10 20 40 1
2 4 8 10 40 1 20
2 4 8 10 40 20 1
2 4 8 1 10 20 40
2 4 8 1 10 40 20
2 4 8 1 20 10 40
2 4 8 1 20 40 10
2 4 8 1 40 10 20
2 4 8 1 40 20 10
2 4 8 20 10 1 40
2 4 8 20 10 40 1
2 4 8 20 1 10 40
2 4 8 20 1 40 10
2 4 8 20 40 10 1
2 4 8 20 40 1 10
2 4 8 40 10 1 20
2 4 8 40 10 20 1
2 4 8 40 1 10 20
2 4 8 40 1 20 10
2 4 8 40 20 10 1
2 4 8 40 20 1 10
2 8 10 1 20 40 4
2 8 10 1 20 4 40
2 8 10 1 40 20 4
2 8 10 1 40 4 20
2 8 10 1 4 20 40
2 8 10 1 4 40 20
2 8 10 20 1 40 4
2 8 10 20 1 4 40
2 8 10 20 40 1 4
2 8 10 20 40 4 1
2 8 10 20 4 1 40
2 8 10 20 4 40 1
2 8 10 40 1 20 4
2 8 10 40 1 4 20
2 8 10 40 20 1 4
2 8 10 40 20 4 1
2 8 10 40 4 1 20
2 8 10 40 4 20 1
2 8 10 4 1 20 40
2 8 10 4 1 40 20
2 8 10 4 20 1 40
2 8 10 4 20 40 1
2 8 10 4 40 1 20
2 8 10 4 40 20 1
2 8 1 10 20 40 4
2 8 1 10 20 4 40
2 8 1 10 40 20 4
2 8 1 10 40 4 20
2 8 1 10 4 20 40
2 8 1 10 4 40 20
2 8 1 20 10 40 4
2 8 1 20 10 4 40
2 8 1 20 40 10 4
2 8 1 20 40 4 10
2 8 1 20 4 10 40
2 8 1 20 4 40 10
2 8 1 40 10 20 4
2 8 1 40 10 4 20
2 8 1 40 20 10 4
2 8 1 40 20 4 10
2 8 1 40 4 10 20
2 8 1 40 4 20 10
2 8 1 4 10 20 40
2 8 1 4 10 40 20
2 8 1 4 20 10 40
2 8 1 4 20 40 10
2 8 1 4 40 10 20
2 8 1 4 40 20 10
2 8 20 10 1 40 4
2 8 20 10 1 4 40
2 8 20 10 40 1 4
2 8 20 10 40 4 1
2 8 20 10 4 1 40
2 8 20 10 4 40 1
2 8 20 1 10 40 4
2 8 20 1 10 4 40
2 8 20 1 40 10 4
2 8 20 1 40 4 10
2 8 20 1 4 10 40
2 8 20 1 4 40 10
2 8 20 40 10 1 4
2 8 20 40 10 4 1
2 8 20 40 1 10 4
2 8 20 40 1 4 10
2 8 20 40 4 10 1
2 8 20 40 4 1 10
2 8 20 4 10 1 40
2 8 20 4 10 40 1
2 8 20 4 1 10 40
2 8 20 4 1 40 10
2 8 20 4 40 10 1
2 8 20 4 40 1 10
2 8 40 10 1 20 4
2 8 40 10 1 4 20
2 8 40 10 20 1 4
2 8 40 10 20 4 1
2 8 40 10 4 1 20
2 8 40 10 4 20 1
2 8 40 1 10 20 4
2 8 40 1 10 4 20
2 8 40 1 20 10 4
2 8 40 1 20 4 10
2 8 40 1 4 10 20
2 8 40 1 4 20 10
2 8 40 20 10 1 4
2 8 40 20 10 4 1
2 8 40 20 1 10 4
2 8 40 20 1 4 10
2 8 40 20 4 10 1
2 8 40 20 4 1 10
2 8 40 4 10 1 20
2 8 40 4 10 20 1
2 8 40 4 1 10 20
2 8 40 4 1 20 10
2 8 40 4 20 10 1
2 8 40 4 20 1 10
2 8 4 10 1 20 40
2 8 4 10 1 40 20
2 8 4 10 20 1 40
2 8 4 10 20 40 1
2 8 4 10 40 1 20
2 8 4 10 40 20 1
2 8 4 1 10 20 40
2 8 4 1 10 40 20
2 8 4 1 20 10 40
2 8 4 1 20 40 10
2 8 4 1 40 10 20
2 8 4 1 40 20 10
2 8 4 20 10 1 40
2 8 4 20 10 40 1
2 8 4 20 1 10 40
2 8 4 20 1 40 10
2 8 4 20 40 10 1
2 8 4 20 40 1 10
2 8 4 40 10 1 20
2 8 4 40 10 20 1
2 8 4 40 1 10 20
2 8 4 40 1 20 10
2 8 4 40 20 10 1
2 8 4 40 20 1 10
40 10 1 20 2 4 8
40 10 1 20 2 8 4
40 10 1 20 4 2 8
40 10 1 20 4 8 2
40 10 1 20 8 2 4
40 10 1 20 8 4 2
40 10 1 2 20 4 8
40 10 1 2 20 8 4
40 10 1 2 4 20 8
40 10 1 2 4 8 20
40 10 1 2 8 20 4
40 10 1 2 8 4 20
40 10 1 4 20 2 8
40 10 1 4 20 8 2
40 10 1 4 2 20 8
40 10 1 4 2 8 20
40 10 1 4 8 20 2
40 10 1 4 8 2 20
40 10 1 8 20 2 4
40 10 1 8 20 4 2
40 10 1 8 2 20 4
40 10 1 8 2 4 20
40 10 1 8 4 20 2
40 10 1 8 4 2 20
40 10 20 1 2 4 8
40 10 20 1 2 8 4
40 10 20 1 4 2 8
40 10 20 1 4 8 2
40 10 20 1 8 2 4
40 10 20 1 8 4 2
40 10 20 2 1 4 8
40 10 20 2 1 8 4
40 10 20 2 4 1 8
40 10 20 2 4 8 1
40 10 20 2 8 1 4
40 10 20 2 8 4 1
40 10 20 4 1 2 8
40 10 20 4 1 8 2
40 10 20 4 2 1 8
40 10 20 4 2 8 1
40 10 20 4 8 1 2
40 10 20 4 8 2 1
40 10 20 8 1 2 4
40 10 20 8 1 4 2
40 10 20 8 2 1 4
40 10 20 8 2 4 1
40 10 20 8 4 1 2
40 10 20 8 4 2 1
40 10 2 1 20 4 8
40 10 2 1 20 8 4
40 10 2 1 4 20 8
40 10 2 1 4 8 20
40 10 2 1 8 20 4
40 10 2 1 8 4 20
40 10 2 20 1 4 8
40 10 2 20 1 8 4
40 10 2 20 4 1 8
40 10 2 20 4 8 1
40 10 2 20 8 1 4
40 10 2 20 8 4 1
40 10 2 4 1 20 8
40 10 2 4 1 8 20
40 10 2 4 20 1 8
40 10 2 4 20 8 1
40 10 2 4 8 1 20
40 10 2 4 8 20 1
40 10 2 8 1 20 4
40 10 2 8 1 4 20
40 10 2 8 20 1 4
40 10 2 8 20 4 1
40 10 2 8 4 1 20
40 10 2 8 4 20 1
40 10 4 1 20 2 8
40 10 4 1 20 8 2
40 10 4 1 2 20 8
40 10 4 1 2 8 20
40 10 4 1 8 20 2
40 10 4 1 8 2 20
40 10 4 20 1 2 8
40 10 4 20 1 8 2
40 10 4 20 2 1 8
40 10 4 20 2 8 1
40 10 4 20 8 1 2
40 10 4 20 8 2 1
40 10 4 2 1 20 8
40 10 4 2 1 8 20
40 10 4 2 20 1 8
40 10 4 2 20 8 1
40 10 4 2 8 1 20
40 10 4 2 8 20 1
40 10 4 8 1 20 2
40 10 4 8 1 2 20
40 10 4 8 20 1 2
40 10 4 8 20 2 1
40 10 4 8 2 1 20
40 10 4 8 2 20 1
40 10 8 1 20 2 4
40 10 8 1 20 4 2
40 10 8 1 2 20 4
40 10 8 1 2 4 20
40 10 8 1 4 20 2
40 10 8 1 4 2 20
40 10 8 20 1 2 4
40 10 8 20 1 4 2
40 10 8 20 2 1 4
40 10 8 20 2 4 1
40 10 8 20 4 1 2
40 10 8 20 4 2 1
40 10 8 2 1 20 4
40 10 8 2 1 4 20
40 10 8 2 20 1 4
40 10 8 2 20 4 1
40 10 8 2 4 1 20
40 10 8 2 4 20 1
40 10 8 4 1 20 2
40 10 8 4 1 2 20
40 10 8 4 20 1 2
40 10 8 4 20 2 1
40 10 8 4 2 1 20
40 10 8 4 2 20 1
40 1 10 20 2 4 8
40 1 10 20 2 8 4
40 1 10 20 4 2 8
40 1 10 20 4 8 2
40 1 10 20 8 2 4
40 1 10 20 8 4 2
40 1 10 2 20 4 8
40 1 10 2 20 8 4
40 1 10 2 4 20 8
40 1 10 2 4 8 20
40 1 10 2 8 20 4
40 1 10 2 8 4 20
40 1 10 4 20 2 8
40 1 10 4 20 8 2
40 1 10 4 2 20 8
40 1 10 4 2 8 20
40 1 10 4 8 20 2
40 1 10 4 8 2 20
40 1 10 8 20 2 4
40 1 10 8 20 4 2
40 1 10 8 2 20 4
40 1 10 8 2 4 20
40 1 10 8 4 20 2
40 1 10 8 4 2 20
40 1 20 10 2 4 8
40 1 20 10 2 8 4
40 1 20 10 4 2 8
40 1 20 10 4 8 2
40 1 20 10 8 2 4
40 1 20 10 8 4 2
40 1 20 2 10 4 8
40 1 20 2 10 8 4
40 1 20 2 4 10 8
40 1 20 2 4 8 10
40 1 20 2 8 10 4
40 1 20 2 8 4 10
40 1 20 4 10 2 8
40 1 20 4 10 8 2
40 1 20 4 2 10 8
40 1 20 4 2 8 10
40 1 20 4 8 10 2
40 1 20 4 8 2 10
40 1 20 8 10 2 4
40 1 20 8 10 4 2
40 1 20 8 2 10 4
40 1 20 8 2 4 10
40 1 20 8 4 10 2
40 1 20 8 4 2 10
40 1 2 10 20 4 8
40 1 2 10 20 8 4
40 1 2 10 4 20 8
40 1 2 10 4 8 20
40 1 2 10 8 20 4
40 1 2 10 8 4 20
40 1 2 20 10 4 8
40 1 2 20 10 8 4
40 1 2 20 4 10 8
40 1 2 20 4 8 10
40 1 2 20 8 10 4
40 1 2 20 8 4 10
40 1 2 4 10 20 8
40 1 2 4 10 8 20
40 1 2 4 20 10 8
40 1 2 4 20 8 10
40 1 2 4 8 10 20
40 1 2 4 8 20 10
40 1 2 8 10 20 4
40 1 2 8 10 4 20
40 1 2 8 20 10 4
40 1 2 8 20 4 10
40 1 2 8 4 10 20
40 1 2 8 4 20 10
40 1 4 10 20 2 8
40 1 4 10 20 8 2
40 1 4 10 2 20 8
40 1 4 10 2 8 20
40 1 4 10 8 20 2
40 1 4 10 8 2 20
40 1 4 20 10 2 8
40 1 4 20 10 8 2
40 1 4 20 2 10 8
40 1 4 20 2 8 10
40 1 4 20 8 10 2
40 1 4 20 8 2 10
40 1 4 2 10 20 8
40 1 4 2 10 8 20
40 1 4 2 20 10 8
40 1 4 2 20 8 10
40 1 4 2 8 10 20
40 1 4 2 8 20 10
40 1 4 8 10 20 2
40 1 4 8 10 2 20
40 1 4 8 20 10 2
40 1 4 8 20 2 10
40 1 4 8 2 10 20
40 1 4 8 2 20 10
40 1 8 10 20 2 4
40 1 8 10 20 4 2
40 1 8 10 2 20 4
40 1 8 10 2 4 20
40 1 8 10 4 20 2
40 1 8 10 4 2 20
40 1 8 20 10 2 4
40 1 8 20 10 4 2
40 1 8 20 2 10 4
40 1 8 20 2 4 10
40 1 8 20 4 10 2
40 1 8 20 4 2 10
40 1 8 2 10 20 4
40 1 8 2 10 4 20
40 1 8 2 20 10 4
40 1 8 2 20 4 10
40 1 8 2 4 10 20
40 1 8 2 4 20 10
40 1 8 4 10 20 2
40 1 8 4 10 2 20
40 1 8 4 20 10 2
40 1 8 4 20 2 10
40 1 8 4 2 10 20
40 1 8 4 2 20 10
40 20 10 1 2 4 8
40 20 10 1 2 8 4
40 20 10 1 4 2 8
40 20 10 1 4 8 2
40 20 10 1 8 2 4
40 20 10 1 8 4 2
40 20 10 2 1 4 8
40 20 10 2 1 8 4
40 20 10 2 4 1 8
40 20 10 2 4 8 1
40 20 10 2 8 1 4
40 20 10 2 8 4 1
40 20 10 4 1 2 8
40 20 10 4 1 8 2
40 20 10 4 2 1 8
40 20 10 4 2 8 1
40 20 10 4 8 1 2
40 20 10 4 8 2 1
40 20 10 8 1 2 4
40 20 10 8 1 4 2
40 20 10 8 2 1 4
40 20 10 8 2 4 1
40 20 10 8 4 1 2
40 20 10 8 4 2 1
40 20 1 10 2 4 8
40 20 1 10 2 8 4
40 20 1 10 4 2 8
40 20 1 10 4 8 2
40 20 1 10 8 2 4
40 20 1 10 8 4 2
40 20 1 2 10 4 8
40 20 1 2 10 8 4
40 20 1 2 4 10 8
40 20 1 2 4 8 10
40 20 1 2 8 10 4
40 20 1 2 8 4 10
40 20 1 4 10 2 8
40 20 1 4 10 8 2
40 20 1 4 2 10 8
40 20 1 4 2 8 10
40 20 1 4 8 10 2
40 20 1 4 8 2 10
40 20 1 8 10 2 4
40 20 1 8 10 4 2
40 20 1 8 2 10 4
40 20 1 8 2 4 10
40 20 1 8 4 10 2
40 20 1 8 4 2 10
40 20 2 10 1 4 8
40 20 2 10 1 8 4
40 20 2 10 4 1 8
40 20 2 10 4 8 1
40 20 2 10 8 1 4
40 20 2 10 8 4 1
40 20 2 1 10 4 8
40 20 2 1 10 8 4
40 20 2 1 4 10 8
40 20 2 1 4 8 10
40 20 2 1 8 10 4
40 20 2 1 8 4 10
40 20 2 4 10 1 8
40 20 2 4 10 8 1
40 20 2 4 1 10 8
40 20 2 4 1 8 10
40 20 2 4 8 10 1
40 20 2 4 8 1 10
40 20 2 8 10 1 4
40 20 2 8 10 4 1
40 20 2 8 1 10 4
40 20 2 8 1 4 10
40 20 2 8 4 10 1
40 20 2 8 4 1 10
40 20 4 10 1 2 8
40 20 4 10 1 8 2
40 20 4 10 2 1 8
40 20 4 10 2 8 1
40 20 4 10 8 1 2
40 20 4 10 8 2 1
40 20 4 1 10 2 8
40 20 4 1 10 8 2
40 20 4 1 2 10 8
40 20 4 1 2 8 10
40 20 4 1 8 10 2
40 20 4 1 8 2 10
40 20 4 2 10 1 8
40 20 4 2 10 8 1
40 20 4 2 1 10 8
40 20 4 2 1 8 10
40 20 4 2 8 10 1
40 20 4 2 8 1 10
40 20 4 8 10 1 2
40 20 4 8 10 2 1
40 20 4 8 1 10 2
40 20 4 8 1 2 10
40 20 4 8 2 10 1
40 20 4 8 2 1 10
40 20 8 10 1 2 4
40 20 8 10 1 4 2
40 20 8 10 2 1 4
40 20 8 10 2 4 1
40 20 8 10 4 1 2
40 20 8 10 4 2 1
40 20 8 1 10 2 4
40 20 8 1 10 4 2
40 20 8 1 2 10 4
40 20 8 1 2 4 10
40 20 8 1 4 10 2
40 20 8 1 4 2 10
40 20 8 2 10 1 4
40 20 8 2 10 4 1
40 20 8 2 1 10 4
40 20 8 2 1 4 10
40 20 8 2 4 10 1
40 20 8 2 4 1 10
40 20 8 4 10 1 2
40 20 8 4 10 2 1
40 20 8 4 1 10 2
40 20 8 4 1 2 10
40 20 8 4 2 10 1
40 20 8 4 2 1 10
40 2 10 1 20 4 8
40 2 10 1 20 8 4
40 2 10 1 4 20 8
40 2 10 1 4 8 20
40 2 10 1 8 20 4
40 2 10 1 8 4 20
40 2 10 20 1 4 8
40 2 10 20 1 8 4
40 2 10 20 4 1 8
40 2 10 20 4 8 1
40 2 10 20 8 1 4
40 2 10 20 8 4 1
40 2 10 4 1 20 8
40 2 10 4 1 8 20
40 2 10 4 20 1 8
40 2 10 4 20 8 1
40 2 10 4 8 1 20
40 2 10 4 8 20 1
40 2 10 8 1 20 4
40 2 10 8 1 4 20
40 2 10 8 20 1 4
40 2 10 8 20 4 1
40 2 10 8 4 1 20
40 2 10 8 4 20 1
40 2 1 10 20 4 8
40 2 1 10 20 8 4
40 2 1 10 4 20 8
40 2 1 10 4 8 20
40 2 1 10 8 20 4
40 2 1 10 8 4 20
40 2 1 20 10 4 8
40 2 1 20 10 8 4
40 2 1 20 4 10 8
40 2 1 20 4 8 10
40 2 1 20 8 10 4
40 2 1 20 8 4 10
40 2 1 4 10 20 8
40 2 1 4 10 8 20
40 2 1 4 20 10 8
40 2 1 4 20 8 10
40 2 1 4 8 10 20
40 2 1 4 8 20 10
40 2 1 8 10 20 4
40 2 1 8 10 4 20
40 2 1 8 20 10 4
40 2 1 8 20 4 10
40 2 1 8 4 10 20
40 2 1 8 4 20 10
40 2 20 10 1 4 8
40 2 20 10 1 8 4
40 2 20 10 4 1 8
40 2 20 10 4 8 1
40 2 20 10 8 1 4
40 2 20 10 8 4 1
40 2 20 1 10 4 8
40 2 20 1 10 8 4
40 2 20 1 4 10 8
40 2 20 1 4 8 10
40 2 20 1 8 10 4
40 2 20 1 8 4 10
40 2 20 4 10 1 8
40 2 20 4 10 8 1
40 2 20 4 1 10 8
40 2 20 4 1 8 10
40 2 20 4 8 10 1
40 2 20 4 8 1 10
40 2 20 8 10 1 4
40 2 20 8 10 4 1
40 2 20 8 1 10 4
40 2 20 8 1 4 10
40 2 20 8 4 10 1
40 2 20 8 4 1 10
40 2 4 10 1 20 8
40 2 4 10 1 8 20
40 2 4 10 20 1 8
40 2 4 10 20 8 1
40 2 4 10 8 1 20
40 2 4 10 8 20 1
40 2 4 1 10 20 8
40 2 4 1 10 8 20
40 2 4 1 20 10 8
40 2 4 1 20 8 10
40 2 4 1 8 10 20
40 2 4 1 8 20 10
40 2 4 20 10 1 8
40 2 4 20 10 8 1
40 2 4 20 1 10 8
40 2 4 20 1 8 10
40 2 4 20 8 10 1
40 2 4 20 8 1 10
40 2 4 8 10 1 20
40 2 4 8 10 20 1
40 2 4 8 1 10 20
40 2 4 8 1 20 10
40 2 4 8 20 10 1
40 2 4 8 20 1 10
40 2 8 10 1 20 4
40 2 8 10 1 4 20
40 2 8 10 20 1 4
40 2 8 10 20 4 1
40 2 8 10 4 1 20
40 2 8 10 4 20 1
40 2 8 1 10 20 4
40 2 8 1 10 4 20
40 2 8 1 20 10 4
40 2 8 1 20 4 10
40 2 8 1 4 10 20
40 2 8 1 4 20 10
40 2 8 20 10 1 4
40 2 8 20 10 4 1
40 2 8 20 1 10 4
40 2 8 20 1 4 10
40 2 8 20 4 10 1
40 2 8 20 4 1 10
40 2 8 4 10 1 20
40 2 8 4 10 20 1
40 2 8 4 1 10 20
40 2 8 4 1 20 10
40 2 8 4 20 10 1
40 2 8 4 20 1 10
40 4 10 1 20 2 8
40 4 10 1 20 8 2
40 4 10 1 2 20 8
40 4 10 1 2 8 20
40 4 10 1 8 20 2
40 4 10 1 8 2 20
40 4 10 20 1 2 8
40 4 10 20 1 8 2
40 4 10 20 2 1 8
40 4 10 20 2 8 1
40 4 10 20 8 1 2
40 4 10 20 8 2 1
40 4 10 2 1 20 8
40 4 10 2 1 8 20
40 4 10 2 20 1 8
40 4 10 2 20 8 1
40 4 10 2 8 1 20
40 4 10 2 8 20 1
40 4 10 8 1 20 2
40 4 10 8 1 2 20
40 4 10 8 20 1 2
40 4 10 8 20 2 1
40 4 10 8 2 1 20
40 4 10 8 2 20 1
40 4 1 10 20 2 8
40 4 1 10 20 8 2
40 4 1 10 2 20 8
40 4 1 10 2 8 20
40 4 1 10 8 20 2
40 4 1 10 8 2 20
40 4 1 20 10 2 8
40 4 1 20 10 8 2
40 4 1 20 2 10 8
40 4 1 20 2 8 10
40 4 1 20 8 10 2
40 4 1 20 8 2 10
40 4 1 2 10 20 8
40 4 1 2 10 8 20
40 4 1 2 20 10 8
40 4 1 2 20 8 10
40 4 1 2 8 10 20
40 4 1 2 8 20 10
40 4 1 8 10 20 2
40 4 1 8 10 2 20
40 4 1 8 20 10 2
40 4 1 8 20 2 10
40 4 1 8 2 10 20
40 4 1 8 2 20 10
40 4 20 10 1 2 8
40 4 20 10 1 8 2
40 4 20 10 2 1 8
40 4 20 10 2 8 1
40 4 20 10 8 1 2
40 4 20 10 8 2 1
40 4 20 1 10 2 8
40 4 20 1 10 8 2
40 4 20 1 2 10 8
40 4 20 1 2 8 10
40 4 20 1 8 10 2
40 4 20 1 8 2 10
40 4 20 2 10 1 8
40 4 20 2 10 8 1
40 4 20 2 1 10 8
40 4 20 2 1 8 10
40 4 20 2 8 10 1
40 4 20 2 8 1 10
40 4 20 8 10 1 2
40 4 20 8 10 2 1
40 4 20 8 1 10 2
40 4 20 8 1 2 10
40 4 20 8 2 10 1
40 4 20 8 2 1 10
40 4 2 10 1 20 8
40 4 2 10 1 8 20
40 4 2 10 20 1 8
40 4 2 10 20 8 1
40 4 2 10 8 1 20
40 4 2 10 8 20 1
40 4 2 1 10 20 8
40 4 2 1 10 8 20
40 4 2 1 20 10 8
40 4 2 1 20 8 10
40 4 2 1 8 10 20
40 4 2 1 8 20 10
40 4 2 20 10 1 8
40 4 2 20 10 8 1
40 4 2 20 1 10 8
40 4 2 20 1 8 10
40 4 2 20 8 10 1
40 4 2 20 8 1 10
40 4 2 8 10 1 20
40 4 2 8 10 20 1
40 4 2 8 1 10 20
40 4 2 8 1 20 10
40 4 2 8 20 10 1
40 4 2 8 20 1 10
40 4 8 10 1 20 2
40 4 8 10 1 2 20
40 4 8 10 20 1 2
40 4 8 10 20 2 1
40 4 8 10 2 1 20
40 4 8 10 2 20 1
40 4 8 1 10 20 2
40 4 8 1 10 2 20
40 4 8 1 20 10 2
40 4 8 1 20 2 10
40 4 8 1 2 10 20
40 4 8 1 2 20 10
40 4 8 20 10 1 2
40 4 8 20 10 2 1
40 4 8 20 1 10 2
40 4 8 20 1 2 10
40 4 8 20 2 10 1
40 4 8 20 2 1 10
40 4 8 2 10 1 20
40 4 8 2 10 20 1
40 4 8 2 1 10 20
40 4 8 2 1 20 10
40 4 8 2 20 10 1
40 4 8 2 20 1 10
40 8 10 1 20 2 4
40 8 10 1 20 4 2
40 8 10 1 2 20 4
40 8 10 1 2 4 20
40 8 10 1 4 20 2
40 8 10 1 4 2 20
40 8 10 20 1 2 4
40 8 10 20 1 4 2
40 8 10 20 2 1 4
40 8 10 20 2 4 1
40 8 10 20 4 1 2
40 8 10 20 4 2 1
40 8 10 2 1 20 4
40 8 10 2 1 4 20
40 8 10 2 20 1 4
40 8 10 2 20 4 1
40 8 10 2 4 1 20
40 8 10 2 4 20 1
40 8 10 4 1 20 2
40 8 10 4 1 2 20
40 8 10 4 20 1 2
40 8 10 4 20 2 1
40 8 10 4 2 1 20
40 8 10 4 2 20 1
40 8 1 10 20 2 4
40 8 1 10 20 4 2
40 8 1 10 2 20 4
40 8 1 10 2 4 20
40 8 1 10 4 20 2
40 8 1 10 4 2 20
40 8 1 20 10 2 4
40 8 1 20 10 4 2
40 8 1 20 2 10 4
40 8 1 20 2 4 10
40 8 1 20 4 10 2
40 8 1 20 4 2 10
40 8 1 2 10 20 4
40 8 1 2 10 4 20
40 8 1 2 20 10 4
40 8 1 2 20 4 10
40 8 1 2 4 10 20
40 8 1 2 4 20 10
40 8 1 4 10 20 2
40 8 1 4 10 2 20
40 8 1 4 20 10 2
40 8 1 4 20 2 10
40 8 1 4 2 10 20
40 8 1 4 2 20 10
40 8 20 10 1 2 4
40 8 20 10 1 4 2
40 8 20 10 2 1 4
40 8 20 10 2 4 1
40 8 20 10 4 1 2
40 8 20 10 4 2 1
40 8 20 1 10 2 4
40 8 20 1 10 4 2
40 8 20 1 2 10 4
40 8 20 1 2 4 10
40 8 20 1 4 10 2
40 8 20 1 4 2 10
40 8 20 2 10 1 4
40 8 20 2 10 4 1
40 8 20 2 1 10 4
40 8 20 2 1 4 10
40 8 20 2 4 10 1
40 8 20 2 4 1 10
40 8 20 4 10 1 2
40 8 20 4 10 2 1
40 8 20 4 1 10 2
40 8 20 4 1 2 10
40 8 20 4 2 10 1
40 8 20 4 2 1 10
40 8 2 10 1 20 4
40 8 2 10 1 4 20
40 8 2 10 20 1 4
40 8 2 10 20 4 1
40 8 2 10 4 1 20
40 8 2 10 4 20 1
40 8 2 1 10 20 4
40 8 2 1 10 4 20
40 8 2 1 20 10 4
40 8 2 1 20 4 10
40 8 2 1 4 10 20
40 8 2 1 4 20 10
40 8 2 20 10 1 4
40 8 2 20 10 4 1
40 8 2 20 1 10 4
40 8 2 20 1 4 10
40 8 2 20 4 10 1
40 8 2 20 4 1 10
40 8 2 4 10 1 20
40 8 2 4 10 20 1
40 8 2 4 1 10 20
40 8 2 4 1 20 10
40 8 2 4 20 10 1
40 8 2 4 20 1 10
40 8 4 10 1 20 2
40 8 4 10 1 2 20
40 8 4 10 20 1 2
40 8 4 10 20 2 1
40 8 4 10 2 1 20
40 8 4 10 2 20 1
40 8 4 1 10 20 2
40 8 4 1 10 2 20
40 8 4 1 20 10 2
40 8 4 1 20 2 10
40 8 4 1 2 10 20
40 8 4 1 2 20 10
40 8 4 20 10 1 2
40 8 4 20 10 2 1
40 8 4 20 1 10 2
40 8 4 20 1 2 10
40 8 4 20 2 10 1
40 8 4 20 2 1 10
40 8 4 2 10 1 20
40 8 4 2 10 20 1
40 8 4 2 1 10 20
40 8 4 2 1 20 10
40 8 4 2 20 10 1
40 8 4 2 20 1 10
4 10 1 20 2 40 8
4 10 1 20 2 8 40
4 10 1 20 40 2 8
4 10 1 20 40 8 2
4 10 1 20 8 2 40
4 10 1 20 8 40 2
4 10 1 2 20 40 8
4 10 1 2 20 8 40
4 10 1 2 40 20 8
4 10 1 2 40 8 20
4 10 1 2 8 20 40
4 10 1 2 8 40 20
4 10 1 40 20 2 8
4 10 1 40 20 8 2
4 10 1 40 2 20 8
4 10 1 40 2 8 20
4 10 1 40 8 20 2
4 10 1 40 8 2 20
4 10 1 8 20 2 40
4 10 1 8 20 40 2
4 10 1 8 2 20 40
4 10 1 8 2 40 20
4 10 1 8 40 20 2
4 10 1 8 40 2 20
4 10 20 1 2 40 8
4 10 20 1 2 8 40
4 10 20 1 40 2 8
4 10 20 1 40 8 2
4 10 20 1 8 2 40
4 10 20 1 8 40 2
4 10 20 2 1 40 8
4 10 20 2 1 8 40
4 10 20 2 40 1 8
4 10 20 2 40 8 1
4 10 20 2 8 1 40
4 10 20 2 8 40 1
4 10 20 40 1 2 8
4 10 20 40 1 8 2
4 10 20 40 2 1 8
4 10 20 40 2 8 1
4 10 20 40 8 1 2
4 10 20 40 8 2 1
4 10 20 8 1 2 40
4 10 20 8 1 40 2
4 10 20 8 2 1 40
4 10 20 8 2 40 1
4 10 20 8 40 1 2
4 10 20 8 40 2 1
4 10 2 1 20 40 8
4 10 2 1 20 8 40
4 10 2 1 40 20 8
4 10 2 1 40 8 20
4 10 2 1 8 20 40
4 10 2 1 8 40 20
4 10 2 20 1 40 8
4 10 2 20 1 8 40
4 10 2 20 40 1 8
4 10 2 20 40 8 1
4 10 2 20 8 1 40
4 10 2 20 8 40 1
4 10 2 40 1 20 8
4 10 2 40 1 8 20
4 10 2 40 20 1 8
4 10 2 40 20 8 1
4 10 2 40 8 1 20
4 10 2 40 8 20 1
4 10 2 8 1 20 40
4 10 2 8 1 40 20
4 10 2 8 20 1 40
4 10 2 8 20 40 1
4 10 2 8 40 1 20
4 10 2 8 40 20 1
4 10 40 1 20 2 8
4 10 40 1 20 8 2
4 10 40 1 2 20 8
4 10 40 1 2 8 20
4 10 40 1 8 20 2
4 10 40 1 8 2 20
4 10 40 20 1 2 8
4 10 40 20 1 8 2
4 10 40 20 2 1 8
4 10 40 20 2 8 1
4 10 40 20 8 1 2
4 10 40 20 8 2 1
4 10 40 2 1 20 8
4 10 40 2 1 8 20
4 10 40 2 20 1 8
4 10 40 2 20 8 1
4 10 40 2 8 1 20
4 10 40 2 8 20 1
4 10 40 8 1 20 2
4 10 40 8 1 2 20
4 10 40 8 20 1 2
4 10 40 8 20 2 1
4 10 40 8 2 1 20
4 10 40 8 2 20 1
4 10 8 1 20 2 40
4 10 8 1 20 40 2
4 10 8 1 2 20 40
4 10 8 1 2 40 20
4 10 8 1 40 20 2
4 10 8 1 40 2 20
4 10 8 20 1 2 40
4 10 8 20 1 40 2
4 10 8 20 2 1 40
4 10 8 20 2 40 1
4 10 8 20 40 1 2
4 10 8 20 40 2 1
4 10 8 2 1 20 40
4 10 8 2 1 40 20
4 10 8 2 20 1 40
4 10 8 2 20 40 1
4 10 8 2 40 1 20
4 10 8 2 40 20 1
4 10 8 40 1 20 2
4 10 8 40 1 2 20
4 10 8 40 20 1 2
4 10 8 40 20 2 1
4 10 8 40 2 1 20
4 10 8 40 2 20 1
4 1 10 20 2 40 8
4 1 10 20 2 8 40
4 1 10 20 40 2 8
4 1 10 20 40 8 2
4 1 10 20 8 2 40
4 1 10 20 8 40 2
4 1 10 2 20 40 8
4 1 10 2 20 8 40
4 1 10 2 40 20 8
4 1 10 2 40 8 20
4 1 10 2 8 20 40
4 1 10 2 8 40 20
4 1 10 40 20 2 8
4 1 10 40 20 8 2
4 1 10 40 2 20 8
4 1 10 40 2 8 20
4 1 10 40 8 20 2
4 1 10 40 8 2 20
4 1 10 8 20 2 40
4 1 10 8 20 40 2
4 1 10 8 2 20 40
4 1 10 8 2 40 20
4 1 10 8 40 20 2
4 1 10 8 40 2 20
4 1 20 10 2 40 8
4 1 20 10 2 8 40
4 1 20 10 40 2 8
4 1 20 10 40 8 2
4 1 20 10 8 2 40
4 1 20 10 8 40 2
4 1 20 2 10 40 8
4 1 20 2 10 8 40
4 1 20 2 40 10 8
4 1 20 2 40 8 10
4 1 20 2 8 10 40
4 1 20 2 8 40 10
4 1 20 40 10 2 8
4 1 20 40 10 8 2
4 1 20 40 2 10 8
4 1 20 40 2 8 10
4 1 20 40 8 10 2
4 1 20 40 8 2 10
4 1 20 8 10 2 40
4 1 20 8 10 40 2
4 1 20 8 2 10 40
4 1 20 8 2 40 10
4 1 20 8 40 10 2
4 1 20 8 40 2 10
4 1 2 10 20 40 8
4 1 2 10 20 8 40
4 1 2 10 40 20 8
4 1 2 10 40 8 20
4 1 2 10 8 20 40
4 1 2 10 8 40 20
4 1 2 20 10 40 8
4 1 2 20 10 8 40
4 1 2 20 40 10 8
4 1 2 20 40 8 10
4 1 2 20 8 10 40
4 1 2 20 8 40 10
4 1 2 40 10 20 8
4 1 2 40 10 8 20
4 1 2 40 20 10 8
4 1 2 40 20 8 10
4 1 2 40 8 10 20
4 1 2 40 8 20 10
4 1 2 8 10 20 40
4 1 2 8 10 40 20
4 1 2 8 20 10 40
4 1 2 8 20 40 10
4 1 2 8 40 10 20
4 1 2 8 40 20 10
4 1 40 10 20 2 8
4 1 40 10 20 8 2
4 1 40 10 2 20 8
4 1 40 10 2 8 20
4 1 40 10 8 20 2
4 1 40 10 8 2 20
4 1 40 20 10 2 8
4 1 40 20 10 8 2
4 1 40 20 2 10 8
4 1 40 20 2 8 10
4 1 40 20 8 10 2
4 1 40 20 8 2 10
4 1 40 2 10 20 8
4 1 40 2 10 8 20
4 1 40 2 20 10 8
4 1 40 2 20 8 10
4 1 40 2 8 10 20
4 1 40 2 8 20 10
4 1 40 8 10 20 2
4 1 40 8 10 2 20
4 1 40 8 20 10 2
4 1 40 8 20 2 10
4 1 40 8 2 10 20
4 1 40 8 2 20 10
4 1 8 10 20 2 40
4 1 8 10 20 40 2
4 1 8 10 2 20 40
4 1 8 10 2 40 20
4 1 8 10 40 20 2
4 1 8 10 40 2 20
4 1 8 20 10 2 40
4 1 8 20 10 40 2
4 1 8 20 2 10 40
4 1 8 20 2 40 10
4 1 8 20 40 10 2
4 1 8 20 40 2 10
4 1 8 2 10 20 40
4 1 8 2 10 40 20
4 1 8 2 20 10 40
4 1 8 2 20 40 10
4 1 8 2 40 10 20
4 1 8 2 40 20 10
4 1 8 40 10 20 2
4 1 8 40 10 2 20
4 1 8 40 20 10 2
4 1 8 40 20 2 10
4 1 8 40 2 10 20
4 1 8 40 2 20 10
4 20 10 1 2 40 8
4 20 10 1 2 8 40
4 20 10 1 40 2 8
4 20 10 1 40 8 2
4 20 10 1 8 2 40
4 20 10 1 8 40 2
4 20 10 2 1 40 8
4 20 10 2 1 8 40
4 20 10 2 40 1 8
4 20 10 2 40 8 1
4 20 10 2 8 1 40
4 20 10 2 8 40 1
4 20 10 40 1 2 8
4 20 10 40 1 8 2
4 20 10 40 2 1 8
4 20 10 40 2 8 1
4 20 10 40 8 1 2
4 20 10 40 8 2 1
4 20 10 8 1 2 40
4 20 10 8 1 40 2
4 20 10 8 2 1 40
4 20 10 8 2 40 1
4 20 10 8 40 1 2
4 20 10 8 40 2 1
4 20 1 10 2 40 8
4 20 1 10 2 8 40
4 20 1 10 40 2 8
4 20 1 10 40 8 2
4 20 1 10 8 2 40
4 20 1 10 8 40 2
4 20 1 2 10 40 8
4 20 1 2 10 8 40
4 20 1 2 40 10 8
4 20 1 2 40 8 10
4 20 1 2 8 10 40
4 20 1 2 8 40 10
4 20 1 40 10 2 8
4 20 1 40 10 8 2
4 20 1 40 2 10 8
4 20 1 40 2 8 10
4 20 1 40 8 10 2
4 20 1 40 8 2 10
4 20 1 8 10 2 40
4 20 1 8 10 40 2
4 20 1 8 2 10 40
4 20 1 8 2 40 10
4 20 1 8 40 10 2
4 20 1 8 40 2 10
4 20 2 10 1 40 8
4 20 2 10 1 8 40
4 20 2 10 40 1 8
4 20 2 10 40 8 1
4 20 2 10 8 1 40
4 20 2 10 8 40 1
4 20 2 1 10 40 8
4 20 2 1 10 8 40
4 20 2 1 40 10 8
4 20 2 1 40 8 10
4 20 2 1 8 10 40
4 20 2 1 8 40 10
4 20 2 40 10 1 8
4 20 2 40 10 8 1
4 20 2 40 1 10 8
4 20 2 40 1 8 10
4 20 2 40 8 10 1
4 20 2 40 8 1 10
4 20 2 8 10 1 40
4 20 2 8 10 40 1
4 20 2 8 1 10 40
4 20 2 8 1 40 10
4 20 2 8 40 10 1
4 20 2 8 40 1 10
4 20 40 10 1 2 8
4 20 40 10 1 8 2
4 20 40 10 2 1 8
4 20 40 10 2 8 1
4 20 40 10 8 1 2
4 20 40 10 8 2 1
4 20 40 1 10 2 8
4 20 40 1 10 8 2
4 20 40 1 2 10 8
4 20 40 1 2 8 10
4 20 40 1 8 10 2
4 20 40 1 8 2 10
4 20 40 2 10 1 8
4 20 40 2 10 8 1
4 20 40 2 1 10 8
4 20 40 2 1 8 10
4 20 40 2 8 10 1
4 20 40 2 8 1 10
4 20 40 8 10 1 2
4 20 40 8 10 2 1
4 20 40 8 1 10 2
4 20 40 8 1 2 10
4 20 40 8 2 10 1
4 20 40 8 2 1 10
4 20 8 10 1 2 40
4 20 8 10 1 40 2
4 20 8 10 2 1 40
4 20 8 10 2 40 1
4 20 8 10 40 1 2
4 20 8 10 40 2 1
4 20 8 1 10 2 40
4 20 8 1 10 40 2
4 20 8 1 2 10 40
4 20 8 1 2 40 10
4 20 8 1 40 10 2
4 20 8 1 40 2 10
4 20 8 2 10 1 40
4 20 8 2 10 40 1
4 20 8 2 1 10 40
4 20 8 2 1 40 10
4 20 8 2 40 10 1
4 20 8 2 40 1 10
4 20 8 40 10 1 2
4 20 8 40 10 2 1
4 20 8 40 1 10 2
4 20 8 40 1 2 10
4 20 8 40 2 10 1
4 20 8 40 2 1 10
4 2 10 1 20 40 8
4 2 10 1 20 8 40
4 2 10 1 40 20 8
4 2 10 1 40 8 20
4 2 10 1 8 20 40
4 2 10 1 8 40 20
4 2 10 20 1 40 8
4 2 10 20 1 8 40
4 2 10 20 40 1 8
4 2 10 20 40 8 1
4 2 10 20 8 1 40
4 2 10 20 8 40 1
4 2 10 40 1 20 8
4 2 10 40 1 8 20
4 2 10 40 20 1 8
4 2 10 40 20 8 1
4 2 10 40 8 1 20
4 2 10 40 8 20 1
4 2 10 8 1 20 40
4 2 10 8 1 40 20
4 2 10 8 20 1 40
4 2 10 8 20 40 1
4 2 10 8 40 1 20
4 2 10 8 40 20 1
4 2 1 10 20 40 8
4 2 1 10 20 8 40
4 2 1 10 40 20 8
4 2 1 10 40 8 20
4 2 1 10 8 20 40
4 2 1 10 8 40 20
4 2 1 20 10 40 8
4 2 1 20 10 8 40
4 2 1 20 40 10 8
4 2 1 20 40 8 10
4 2 1 20 8 10 40
4 2 1 20 8 40 10
4 2 1 40 10 20 8
4 2 1 40 10 8 20
4 2 1 40 20 10 8
4 2 1 40 20 8 10
4 2 1 40 8 10 20
4 2 1 40 8 20 10
4 2 1 8 10 20 40
4 2 1 8 10 40 20
4 2 1 8 20 10 40
4 2 1 8 20 40 10
4 2 1 8 40 10 20
4 2 1 8 40 20 10
4 2 20 10 1 40 8
4 2 20 10 1 8 40
4 2 20 10 40 1 8
4 2 20 10 40 8 1
4 2 20 10 8 1 40
4 2 20 10 8 40 1
4 2 20 1 10 40 8
4 2 20 1 10 8 40
4 2 20 1 40 10 8
4 2 20 1 40 8 10
4 2 20 1 8 10 40
4 2 20 1 8 40 10
4 2 20 40 10 1 8
4 2 20 40 10 8 1
4 2 20 40 1 10 8
4 2 20 40 1 8 10
4 2 20 40 8 10 1
4 2 20 40 8 1 10
4 2 20 8 10 1 40
4 2 20 8 10 40 1
4 2 20 8 1 10 40
4 2 20 8 1 40 10
4 2 20 8 40 10 1
4 2 20 8 40 1 10
4 2 40 10 1 20 8
4 2 40 10 1 8 20
4 2 40 10 20 1 8
4 2 40 10 20 8 1
4 2 40 10 8 1 20
4 2 40 10 8 20 1
4 2 40 1 10 20 8
4 2 40 1 10 8 20
4 2 40 1 20 10 8
4 2 40 1 20 8 10
4 2 40 1 8 10 20
4 2 40 1 8 20 10
4 2 40 20 10 1 8
4 2 40 20 10 8 1
4 2 40 20 1 10 8
4 2 40 20 1 8 10
4 2 40 20 8 10 1
4 2 40 20 8 1 10
4 2 40 8 10 1 20
4 2 40 8 10 20 1
4 2 40 8 1 10 20
4 2 40 8 1 20 10
4 2 40 8 20 10 1
4 2 40 8 20 1 10
4 2 8 10 1 20 40
4 2 8 10 1 40 20
4 2 8 10 20 1 40
4 2 8 10 20 40 1
4 2 8 10 40 1 20
4 2 8 10 40 20 1
4 2 8 1 10 20 40
4 2 8 1 10 40 20
4 2 8 1 20 10 40
4 2 8 1 20 40 10
4 2 8 1 40 10 20
4 2 8 1 40 20 10
4 2 8 20 10 1 40
4 2 8 20 10 40 1
4 2 8 20 1 10 40
4 2 8 20 1 40 10
4 2 8 20 40 10 1
4 2 8 20 40 1 10
4 2 8 40 10 1 20
4 2 8 40 10 20 1
4 2 8 40 1 10 20
4 2 8 40 1 20 10
4 2 8 40 20 10 1
4 2 8 40 20 1 10
4 40 10 1 20 2 8
4 40 10 1 20 8 2
4 40 10 1 2 20 8
4 40 10 1 2 8 20
4 40 10 1 8 20 2
4 40 10 1 8 2 20
4 40 10 20 1 2 8
4 40 10 20 1 8 2
4 40 10 20 2 1 8
4 40 10 20 2 8 1
4 40 10 20 8 1 2
4 40 10 20 8 2 1
4 40 10 2 1 20 8
4 40 10 2 1 8 20
4 40 10 2 20 1 8
4 40 10 2 20 8 1
4 40 10 2 8 1 20
4 40 10 2 8 20 1
4 40 10 8 1 20 2
4 40 10 8 1 2 20
4 40 10 8 20 1 2
4 40 10 8 20 2 1
4 40 10 8 2 1 20
4 40 10 8 2 20 1
4 40 1 10 20 2 8
4 40 1 10 20 8 2
4 40 1 10 2 20 8
4 40 1 10 2 8 20
4 40 1 10 8 20 2
4 40 1 10 8 2 20
4 40 1 20 10 2 8
4 40 1 20 10 8 2
4 40 1 20 2 10 8
4 40 1 20 2 8 10
4 40 1 20 8 10 2
4 40 1 20 8 2 10
4 40 1 2 10 20 8
4 40 1 2 10 8 20
4 40 1 2 20 10 8
4 40 1 2 20 8 10
4 40 1 2 8 10 20
4 40 1 2 8 20 10
4 40 1 8 10 20 2
4 40 1 8 10 2 20
4 40 1 8 20 10 2
4 40 1 8 20 2 10
4 40 1 8 2 10 20
4 40 1 8 2 20 10
4 40 20 10 1 2 8
4 40 20 10 1 8 2
4 40 20 10 2 1 8
4 40 20 10 2 8 1
4 40 20 10 8 1 2
4 40 20 10 8 2 1
4 40 20 1 10 2 8
4 40 20 1 10 8 2
4 40 20 1 2 10 8
4 40 20 1 2 8 10
4 40 20 1 8 10 2
4 40 20 1 8 2 10
4 40 20 2 10 1 8
4 40 20 2 10 8 1
4 40 20 2 1 10 8
4 40 20 2 1 8 10
4 40 20 2 8 10 1
4 40 20 2 8 1 10
4 40 20 8 10 1 2
4 40 20 8 10 2 1
4 40 20 8 1 10 2
4 40 20 8 1 2 10
4 40 20 8 2 10 1
4 40 20 8 2 1 10
4 40 2 10 1 20 8
4 40 2 10 1 8 20
4 40 2 10 20 1 8
4 40 2 10 20 8 1
4 40 2 10 8 1 20
4 40 2 10 8 20 1
4 40 2 1 10 20 8
4 40 2 1 10 8 20
4 40 2 1 20 10 8
4 40 2 1 20 8 10
4 40 2 1 8 10 20
4 40 2 1 8 20 10
4 40 2 20 10 1 8
4 40 2 20 10 8 1
4 40 2 20 1 10 8
4 40 2 20 1 8 10
4 40 2 20 8 10 1
4 40 2 20 8 1 10
4 40 2 8 10 1 20
4 40 2 8 10 20 1
4 40 2 8 1 10 20
4 40 2 8 1 20 10
4 40 2 8 20 10 1
4 40 2 8 20 1 10
4 40 8 10 1 20 2
4 40 8 10 1 2 20
4 40 8 10 20 1 2
4 40 8 10 20 2 1
4 40 8 10 2 1 20
4 40 8 10 2 20 1
4 40 8 1 10 20 2
4 40 8 1 10 2 20
4 40 8 1 20 10 2
4 40 8 1 20 2 10
4 40 8 1 2 10 20
4 40 8 1 2 20 10
4 40 8 20 10 1 2
4 40 8 20 10 2 1
4 40 8 20 1 10 2
4 40 8 20 1 2 10
4 40 8 20 2 10 1
4 40 8 20 2 1 10
4 40 8 2 10 1 20
4 40 8 2 10 20 1
4 40 8 2 1 10 20
4 40 8 2 1 20 10
4 40 8 2 20 10 1
4 40 8 2 20 1 10
4 8 10 1 20 2 40
4 8 10 1 20 40 2
4 8 10 1 2 20 40
4 8 10 1 2 40 20
4 8 10 1 40 20 2
4 8 10 1 40 2 20
4 8 10 20 1 2 40
4 8 10 20 1 40 2
4 8 10 20 2 1 40
4 8 10 20 2 40 1
4 8 10 20 40 1 2
4 8 10 20 40 2 1
4 8 10 2 1 20 40
4 8 10 2 1 40 20
4 8 10 2 20 1 40
4 8 10 2 20 40 1
4 8 10 2 40 1 20
4 8 10 2 40 20 1
4 8 10 40 1 20 2
4 8 10 40 1 2 20
4 8 10 40 20 1 2
4 8 10 40 20 2 1
4 8 10 40 2 1 20
4 8 10 40 2 20 1
4 8 1 10 20 2 40
4 8 1 10 20 40 2
4 8 1 10 2 20 40
4 8 1 10 2 40 20
4 8 1 10 40 20 2
4 8 1 10 40 2 20
4 8 1 20 10 2 40
4 8 1 20 10 40 2
4 8 1 20 2 10 40
4 8 1 20 2 40 10
4 8 1 20 40 10 2
4 8 1 20 40 2 10
4 8 1 2 10 20 40
4 8 1 2 10 40 20
4 8 1 2 20 10 40
4 8 1 2 20 40 10
4 8 1 2 40 10 20
4 8 1 2 40 20 10
4 8 1 40 10 20 2
4 8 1 40 10 2 20
4 8 1 40 20 10 2
4 8 1 40 20 2 10
4 8 1 40 2 10 20
4 8 1 40 2 20 10
4 8 20 10 1 2 40
4 8 20 10 1 40 2
4 8 20 10 2 1 40
4 8 20 10 2 40 1
4 8 20 10 40 1 2
4 8 20 10 40 2 1
4 8 20 1 10 2 40
4 8 20 1 10 40 2
4 8 20 1 2 10 40
4 8 20 1 2 40 10
4 8 20 1 40 10 2
4 8 20 1 40 2 10
4 8 20 2 10 1 40
4 8 20 2 10 40 1
4 8 20 2 1 10 40
4 8 20 2 1 40 10
4 8 20 2 40 10 1
4 8 20 2 40 1 10
4 8 20 40 10 1 2
4 8 20 40 10 2 1
4 8 20 40 1 10 2
4 8 20 40 1 2 10
4 8 20 40 2 10 1
4 8 20 40 2 1 10
4 8 2 10 1 20 40
4 8 2 10 1 40 20
4 8 2 10 20 1 40
4 8 2 10 20 40 1
4 8 2 10 40 1 20
4 8 2 10 40 20 1
4 8 2 1 10 20 40
4 8 2 1 10 40 20
4 8 2 1 20 10 40
4 8 2 1 20 40 10
4 8 2 1 40 10 20
4 8 2 1 40 20 10
4 8 2 20 10 1 40
4 8 2 20 10 40 1
4 8 2 20 1 10 40
4 8 2 20 1 40 10
4 8 2 20 40 10 1
4 8 2 20 40 1 10
4 8 2 40 10 1 20
4 8 2 40 10 20 1
4 8 2 40 1 10 20
4 8 2 40 1 20 10
4 8 2 40 20 10 1
4 8 2 40 20 1 10
4 8 40 10 1 20 2
4 8 40 10 1 2 20
4 8 40 10 20 1 2
4 8 40 10 20 2 1
4 8 40 10 2 1 20
4 8 40 10 2 20 1
4 8 40 1 10 20 2
4 8 40 1 10 2 20
4 8 40 1 20 10 2
4 8 40 1 20 2 10
4 8 40 1 2 10 20
4 8 40 1 2 20 10
4 8 40 20 10 1 2
4 8 40 20 10 2 1
4 8 40 20 1 10 2
4 8 40 20 1 2 10
4 8 40 20 2 10 1
4 8 40 20 2 1 10
4 8 40 2 10 1 20
4 8 40 2 10 20 1
4 8 40 2 1 10 20
4 8 40 2 1 20 10
4 8 40 2 20 10 1
4 8 40 2 20 1 10
8 10 1 20 2 40 4
8 10 1 20 2 4 40
8 10 1 20 40 2 4
8 10 1 20 40 4 2
8 10 1 20 4 2 40
8 10 1 20 4 40 2
8 10 1 2 20 40 4
8 10 1 2 20 4 40
8 10 1 2 40 20 4
8 10 1 2 40 4 20
8 10 1 2 4 20 40
8 10 1 2 4 40 20
8 10 1 40 20 2 4
8 10 1 40 20 4 2
8 10 1 40 2 20 4
8 10 1 40 2 4 20
8 10 1 40 4 20 2
8 10 1 40 4 2 20
8 10 1 4 20 2 40
8 10 1 4 20 40 2
8 10 1 4 2 20 40
8 10 1 4 2 40 20
8 10 1 4 40 20 2
8 10 1 4 40 2 20
8 10 20 1 2 40 4
8 10 20 1 2 4 40
8 10 20 1 40 2 4
8 10 20 1 40 4 2
8 10 20 1 4 2 40
8 10 20 1 4 40 2
8 10 20 2 1 40 4
8 10 20 2 1 4 40
8 10 20 2 40 1 4
8 10 20 2 40 4 1
8 10 20 2 4 1 40
8 10 20 2 4 40 1
8 10 20 40 1 2 4
8 10 20 40 1 4 2
8 10 20 40 2 1 4
8 10 20 40 2 4 1
8 10 20 40 4 1 2
8 10 20 40 4 2 1
8 10 20 4 1 2 40
8 10 20 4 1 40 2
8 10 20 4 2 1 40
8 10 20 4 2 40 1
8 10 20 4 40 1 2
8 10 20 4 40 2 1
8 10 2 1 20 40 4
8 10 2 1 20 4 40
8 10 2 1 40 20 4
8 10 2 1 40 4 20
8 10 2 1 4 20 40
8 10 2 1 4 40 20
8 10 2 20 1 40 4
8 10 2 20 1 4 40
8 10 2 20 40 1 4
8 10 2 20 40 4 1
8 10 2 20 4 1 40
8 10 2 20 4 40 1
8 10 2 40 1 20 4
8 10 2 40 1 4 20
8 10 2 40 20 1 4
8 10 2 40 20 4 1
8 10 2 40 4 1 20
8 10 2 40 4 20 1
8 10 2 4 1 20 40
8 10 2 4 1 40 20
8 10 2 4 20 1 40
8 10 2 4 20 40 1
8 10 2 4 40 1 20
8 10 2 4 40 20 1
8 10 40 1 20 2 4
8 10 40 1 20 4 2
8 10 40 1 2 20 4
8 10 40 1 2 4 20
8 10 40 1 4 20 2
8 10 40 1 4 2 20
8 10 40 20 1 2 4
8 10 40 20 1 4 2
8 10 40 20 2 1 4
8 10 40 20 2 4 1
8 10 40 20 4 1 2
8 10 40 20 4 2 1
8 10 40 2 1 20 4
8 10 40 2 1 4 20
8 10 40 2 20 1 4
8 10 40 2 20 4 1
8 10 40 2 4 1 20
8 10 40 2 4 20 1
8 10 40 4 1 20 2
8 10 40 4 1 2 20
8 10 40 4 20 1 2
8 10 40 4 20 2 1
8 10 40 4 2 1 20
8 10 40 4 2 20 1
8 10 4 1 20 2 40
8 10 4 1 20 40 2
8 10 4 1 2 20 40
8 10 4 1 2 40 20
8 10 4 1 40 20 2
8 10 4 1 40 2 20
8 10 4 20 1 2 40
8 10 4 20 1 40 2
8 10 4 20 2 1 40
8 10 4 20 2 40 1
8 10 4 20 40 1 2
8 10 4 20 40 2 1
8 10 4 2 1 20 40
8 10 4 2 1 40 20
8 10 4 2 20 1 40
8 10 4 2 20 40 1
8 10 4 2 40 1 20
8 10 4 2 40 20 1
8 10 4 40 1 20 2
8 10 4 40 1 2 20
8 10 4 40 20 1 2
8 10 4 40 20 2 1
8 10 4 40 2 1 20
8 10 4 40 2 20 1
8 1 10 20 2 40 4
8 1 10 20 2 4 40
8 1 10 20 40 2 4
8 1 10 20 40 4 2
8 1 10 20 4 2 40
8 1 10 20 4 40 2
8 1 10 2 20 40 4
8 1 10 2 20 4 40
8 1 10 2 40 20 4
8 1 10 2 40 4 20
8 1 10 2 4 20 40
8 1 10 2 4 40 20
8 1 10 40 20 2 4
8 1 10 40 20 4 2
8 1 10 40 2 20 4
8 1 10 40 2 4 20
8 1 10 40 4 20 2
8 1 10 40 4 2 20
8 1 10 4 20 2 40
8 1 10 4 20 40 2
8 1 10 4 2 20 40
8 1 10 4 2 40 20
8 1 10 4 40 20 2
8 1 10 4 40 2 20
8 1 20 10 2 40 4
8 1 20 10 2 4 40
8 1 20 10 40 2 4
8 1 20 10 40 4 2
8 1 20 10 4 2 40
8 1 20 10 4 40 2
8 1 20 2 10 40 4
8 1 20 2 10 4 40
8 1 20 2 40 10 4
8 1 20 2 40 4 10
8 1 20 2 4 10 40
8 1 20 2 4 40 10
8 1 20 40 10 2 4
8 1 20 40 10 4 2
8 1 20 40 2 10 4
8 1 20 40 2 4 10
8 1 20 40 4 10 2
8 1 20 40 4 2 10
8 1 20 4 10 2 40
8 1 20 4 10 40 2
8 1 20 4 2 10 40
8 1 20 4 2 40 10
8 1 20 4 40 10 2
8 1 20 4 40 2 10
8 1 2 10 20 40 4
8 1 2 10 20 4 40
8 1 2 10 40 20 4
8 1 2 10 40 4 20
8 1 2 10 4 20 40
8 1 2 10 4 40 20
8 1 2 20 10 40 4
8 1 2 20 10 4 40
8 1 2 20 40 10 4
8 1 2 20 40 4 10
8 1 2 20 4 10 40
8 1 2 20 4 40 10
8 1 2 40 10 20 4
8 1 2 40 10 4 20
8 1 2 40 20 10 4
8 1 2 40 20 4 10
8 1 2 40 4 10 20
8 1 2 40 4 20 10
8 1 2 4 10 20 40
8 1 2 4 10 40 20
8 1 2 4 20 10 40
8 1 2 4 20 40 10
8 1 2 4 40 10 20
8 1 2 4 40 20 10
8 1 40 10 20 2 4
8 1 40 10 20 4 2
8 1 40 10 2 20 4
8 1 40 10 2 4 20
8 1 40 10 4 20 2
8 1 40 10 4 2 20
8 1 40 20 10 2 4
8 1 40 20 10 4 2
8 1 40 20 2 10 4
8 1 40 20 2 4 10
8 1 40 20 4 10 2
8 1 40 20 4 2 10
8 1 40 2 10 20 4
8 1 40 2 10 4 20
8 1 40 2 20 10 4
8 1 40 2 20 4 10
8 1 40 2 4 10 20
8 1 40 2 4 20 10
8 1 40 4 10 20 2
8 1 40 4 10 2 20
8 1 40 4 20 10 2
8 1 40 4 20 2 10
8 1 40 4 2 10 20
8 1 40 4 2 20 10
8 1 4 10 20 2 40
8 1 4 10 20 40 2
8 1 4 10 2 20 40
8 1 4 10 2 40 20
8 1 4 10 40 20 2
8 1 4 10 40 2 20
8 1 4 20 10 2 40
8 1 4 20 10 40 2
8 1 4 20 2 10 40
8 1 4 20 2 40 10
8 1 4 20 40 10 2
8 1 4 20 40 2 10
8 1 4 2 10 20 40
8 1 4 2 10 40 20
8 1 4 2 20 10 40
8 1 4 2 20 40 10
8 1 4 2 40 10 20
8 1 4 2 40 20 10
8 1 4 40 10 20 2
8 1 4 40 10 2 20
8 1 4 40 20 10 2
8 1 4 40 20 2 10
8 1 4 40 2 10 20
8 1 4 40 2 20 10
8 20 10 1 2 40 4
8 20 10 1 2 4 40
8 20 10 1 40 2 4
8 20 10 1 40 4 2
8 20 10 1 4 2 40
8 20 10 1 4 40 2
8 20 10 2 1 40 4
8 20 10 2 1 4 40
8 20 10 2 40 1 4
8 20 10 2 40 4 1
8 20 10 2 4 1 40
8 20 10 2 4 40 1
8 20 10 40 1 2 4
8 20 10 40 1 4 2
8 20 10 40 2 1 4
8 20 10 40 2 4 1
8 20 10 40 4 1 2
8 20 10 40 4 2 1
8 20 10 4 1 2 40
8 20 10 4 1 40 2
8 20 10 4 2 1 40
8 20 10 4 2 40 1
8 20 10 4 40 1 2
8 20 10 4 40 2 1
8 20 1 10 2 40 4
8 20 1 10 2 4 40
8 20 1 10 40 2 4
8 20 1 10 40 4 2
8 20 1 10 4 2 40
8 20 1 10 4 40 2
8 20 1 2 10 40 4
8 20 1 2 10 4 40
8 20 1 2 40 10 4
8 20 1 2 40 4 10
8 20 1 2 4 10 40
8 20 1 2 4 40 10
8 20 1 40 10 2 4
8 20 1 40 10 4 2
8 20 1 40 2 10 4
8 20 1 40 2 4 10
8 20 1 40 4 10 2
8 20 1 40 4 2 10
8 20 1 4 10 2 40
8 20 1 4 10 40 2
8 20 1 4 2 10 40
8 20 1 4 2 40 10
8 20 1 4 40 10 2
8 20 1 4 40 2 10
8 20 2 10 1 40 4
8 20 2 10 1 4 40
8 20 2 10 40 1 4
8 20 2 10 40 4 1
8 20 2 10 4 1 40
8 20 2 10 4 40 1
8 20 2 1 10 40 4
8 20 2 1 10 4 40
8 20 2 1 40 10 4
8 20 2 1 40 4 10
8 20 2 1 4 10 40
8 20 2 1 4 40 10
8 20 2 40 10 1 4
8 20 2 40 10 4 1
8 20 2 40 1 10 4
8 20 2 40 1 4 10
8 20 2 40 4 10 1
8 20 2 40 4 1 10
8 20 2 4 10 1 40
8 20 2 4 10 40 1
8 20 2 4 1 10 40
8 20 2 4 1 40 10
8 20 2 4 40 10 1
8 20 2 4 40 1 10
8 20 40 10 1 2 4
8 20 40 10 1 4 2
8 20 40 10 2 1 4
8 20 40 10 2 4 1
8 20 40 10 4 1 2
8 20 40 10 4 2 1
8 20 40 1 10 2 4
8 20 40 1 10 4 2
8 20 40 1 2 10 4
8 20 40 1 2 4 10
8 20 40 1 4 10 2
8 20 40 1 4 2 10
8 20 40 2 10 1 4
8 20 40 2 10 4 1
8 20 40 2 1 10 4
8 20 40 2 1 4 10
8 20 40 2 4 10 1
8 20 40 2 4 1 10
8 20 40 4 10 1 2
8 20 40 4 10 2 1
8 20 40 4 1 10 2
8 20 40 4 1 2 10
8 20 40 4 2 10 1
8 20 40 4 2 1 10
8 20 4 10 1 2 40
8 20 4 10 1 40 2
8 20 4 10 2 1 40
8 20 4 10 2 40 1
8 20 4 10 40 1 2
8 20 4 10 40 2 1
8 20 4 1 10 2 40
8 20 4 1 10 40 2
8 20 4 1 2 10 40
8 20 4 1 2 40 10
8 20 4 1 40 10 2
8 20 4 1 40 2 10
8 20 4 2 10 1 40
8 20 4 2 10 40 1
8 20 4 2 1 10 40
8 20 4 2 1 40 10
8 20 4 2 40 10 1
8 20 4 2 40 1 10
8 20 4 40 10 1 2
8 20 4 40 10 2 1
8 20 4 40 1 10 2
8 20 4 40 1 2 10
8 20 4 40 2 10 1
8 20 4 40 2 1 10
8 2 10 1 20 40 4
8 2 10 1 20 4 40
8 2 10 1 40 20 4
8 2 10 1 40 4 20
8 2 10 1 4 20 40
8 2 10 1 4 40 20
8 2 10 20 1 40 4
8 2 10 20 1 4 40
8 2 10 20 40 1 4
8 2 10 20 40 4 1
8 2 10 20 4 1 40
8 2 10 20 4 40 1
8 2 10 40 1 20 4
8 2 10 40 1 4 20
8 2 10 40 20 1 4
8 2 10 40 20 4 1
8 2 10 40 4 1 20
8 2 10 40 4 20 1
8 2 10 4 1 20 40
8 2 10 4 1 40 20
8 2 10 4 20 1 40
8 2 10 4 20 40 1
8 2 10 4 40 1 20
8 2 10 4 40 20 1
8 2 1 10 20 40 4
8 2 1 10 20 4 40
8 2 1 10 40 20 4
8 2 1 10 40 4 20
8 2 1 10 4 20 40
8 2 1 10 4 40 20
8 2 1 20 10 40 4
8 2 1 20 10 4 40
8 2 1 20 40 10 4
8 2 1 20 40 4 10
8 2 1 20 4 10 40
8 2 1 20 4 40 10
8 2 1 40 10 20 4
8 2 1 40 10 4 20
8 2 1 40 20 10 4
8 2 1 40 20 4 10
8 2 1 40 4 10 20
8 2 1 40 4 20 10
8 2 1 4 10 20 40
8 2 1 4 10 40 20
8 2 1 4 20 10 40
8 2 1 4 20 40 10
8 2 1 4 40 10 20
8 2 1 4 40 20 10
8 2 20 10 1 40 4
8 2 20 10 1 4 40
8 2 20 10 40 1 4
8 2 20 10 40 4 1
8 2 20 10 4 1 40
8 2 20 10 4 40 1
8 2 20 1 10 40 4
8 2 20 1 10 4 40
8 2 20 1 40 10 4
8 2 20 1 40 4 10
8 2 20 1 4 10 40
8 2 20 1 4 40 10
8 2 20 40 10 1 4
8 2 20 40 10 4 1
8 2 20 40 1 10 4
8 2 20 40 1 4 10
8 2 20 40 4 10 1
8 2 20 40 4 1 10
8 2 20 4 10 1 40
8 2 20 4 10 40 1
8 2 20 4 1 10 40
8 2 20 4 1 40 10
8 2 20 4 40 10 1
8 2 20 4 40 1 10
8 2 40 10 1 20 4
8 2 40 10 1 4 20
8 2 40 10 20 1 4
8 2 40 10 20 4 1
8 2 40 10 4 1 20
8 2 40 10 4 20 1
8 2 40 1 10 20 4
8 2 40 1 10 4 20
8 2 40 1 20 10 4
8 2 40 1 20 4 10
8 2 40 1 4 10 20
8 2 40 1 4 20 10
8 2 40 20 10 1 4
8 2 40 20 10 4 1
8 2 40 20 1 10 4
8 2 40 20 1 4 10
8 2 40 20 4 10 1
8 2 40 20 4 1 10
8 2 40 4 10 1 20
8 2 40 4 10 20 1
8 2 40 4 1 10 20
8 2 40 4 1 20 10
8 2 40 4 20 10 1
8 2 40 4 20 1 10
8 2 4 10 1 20 40
8 2 4 10 1 40 20
8 2 4 10 20 1 40
8 2 4 10 20 40 1
8 2 4 10 40 1 20
8 2 4 10 40 20 1
8 2 4 1 10 20 40
8 2 4 1 10 40 20
8 2 4 1 20 10 40
8 2 4 1 20 40 10
8 2 4 1 40 10 20
8 2 4 1 40 20 10
8 2 4 20 10 1 40
8 2 4 20 10 40 1
8 2 4 20 1 10 40
8 2 4 20 1 40 10
8 2 4 20 40 10 1
8 2 4 20 40 1 10
8 2 4 40 10 1 20
8 2 4 40 10 20 1
8 2 4 40 1 10 20
8 2 4 40 1 20 10
8 2 4 40 20 10 1
8 2 4 40 20 1 10
8 40 10 1 20 2 4
8 40 10 1 20 4 2
8 40 10 1 2 20 4
8 40 10 1 2 4 20
8 40 10 1 4 20 2
8 40 10 1 4 2 20
8 40 10 20 1 2 4
8 40 10 20 1 4 2
8 40 10 20 2 1 4
8 40 10 20 2 4 1
8 40 10 20 4 1 2
8 40 10 20 4 2 1
8 40 10 2 1 20 4
8 40 10 2 1 4 20
8 40 10 2 20 1 4
8 40 10 2 20 4 1
8 40 10 2 4 1 20
8 40 10 2 4 20 1
8 40 10 4 1 20 2
8 40 10 4 1 2 20
8 40 10 4 20 1 2
8 40 10 4 20 2 1
8 40 10 4 2 1 20
8 40 10 4 2 20 1
8 40 1 10 20 2 4
8 40 1 10 20 4 2
8 40 1 10 2 20 4
8 40 1 10 2 4 20
8 40 1 10 4 20 2
8 40 1 10 4 2 20
8 40 1 20 10 2 4
8 40 1 20 10 4 2
8 40 1 20 2 10 4
8 40 1 20 2 4 10
8 40 1 20 4 10 2
8 40 1 20 4 2 10
8 40 1 2 10 20 4
8 40 1 2 10 4 20
8 40 1 2 20 10 4
8 40 1 2 20 4 10
8 40 1 2 4 10 20
8 40 1 2 4 20 10
8 40 1 4 10 20 2
8 40 1 4 10 2 20
8 40 1 4 20 10 2
8 40 1 4 20 2 10
8 40 1 4 2 10 20
8 40 1 4 2 20 10
8 40 20 10 1 2 4
8 40 20 10 1 4 2
8 40 20 10 2 1 4
8 40 20 10 2 4 1
8 40 20 10 4 1 2
8 40 20 10 4 2 1
8 40 20 1 10 2 4
8 40 20 1 10 4 2
8 40 20 1 2 10 4
8 40 20 1 2 4 10
8 40 20 1 4 10 2
8 40 20 1 4 2 10
8 40 20 2 10 1 4
8 40 20 2 10 4 1
8 40 20 2 1 10 4
8 40 20 2 1 4 10
8 40 20 2 4 10 1
8 40 20 2 4 1 10
8 40 20 4 10 1 2
8 40 20 4 10 2 1
8 40 20 4 1 10 2
8 40 20 4 1 2 10
8 40 20 4 2 10 1
8 40 20 4 2 1 10
8 40 2 10 1 20 4
8 40 2 10 1 4 20
8 40 2 10 20 1 4
8 40 2 10 20 4 1
8 40 2 10 4 1 20
8 40 2 10 4 20 1
8 40 2 1 10 20 4
8 40 2 1 10 4 20
8 40 2 1 20 10 4
8 40 2 1 20 4 10
8 40 2 1 4 10 20
8 40 2 1 4 20 10
8 40 2 20 10 1 4
8 40 2 20 10 4 1
8 40 2 20 1 10 4
8 40 2 20 1 4 10
8 40 2 20 4 10 1
8 40 2 20 4 1 10
8 40 2 4 10 1 20
8 40 2 4 10 20 1
8 40 2 4 1 10 20
8 40 2 4 1 20 10
8 40 2 4 20 10 1
8 40 2 4 20 1 10
8 40 4 10 1 20 2
8 40 4 10 1 2 20
8 40 4 10 20 1 2
8 40 4 10 20 2 1
8 40 4 10 2 1 20
8 40 4 10 2 20 1
8 40 4 1 10 20 2
8 40 4 1 10 2 20
8 40 4 1 20 10 2
8 40 4 1 20 2 10
8 40 4 1 2 10 20
8 40 4 1 2 20 10
8 40 4 20 10 1 2
8 40 4 20 10 2 1
8 40 4 20 1 10 2
8 40 4 20 1 2 10
8 40 4 20 2 10 1
8 40 4 20 2 1 10
8 40 4 2 10 1 20
8 40 4 2 10 20 1
8 40 4 2 1 10 20
8 40 4 2 1 20 10
8 40 4 2 20 10 1
8 40 4 2 20 1 10
8 4 10 1 20 2 40
8 4 10 1 20 40 2
8 4 10 1 2 20 40
8 4 10 1 2 40 20
8 4 10 1 40 20 2
8 4 10 1 40 2 20
8 4 10 20 1 2 40
8 4 10 20 1 40 2
8 4 10 20 2 1 40
8 4 10 20 2 40 1
8 4 10 20 40 1 2
8 4 10 20 40 2 1
8 4 10 2 1 20 40
8 4 10 2 1 40 20
8 4 10 2 20 1 40
8 4 10 2 20 40 1
8 4 10 2 40 1 20
8 4 10 2 40 20 1
8 4 10 40 1 20 2
8 4 10 40 1 2 20
8 4 10 40 20 1 2
8 4 10 40 20 2 1
8 4 10 40 2 1 20
8 4 10 40 2 20 1
8 4 1 10 20 2 40
8 4 1 10 20 40 2
8 4 1 10 2 20 40
8 4 1 10 2 40 20
8 4 1 10 40 20 2
8 4 1 10 40 2 20
8 4 1 20 10 2 40
8 4 1 20 10 40 2
8 4 1 20 2 10 40
8 4 1 20 2 40 10
8 4 1 20 40 10 2
8 4 1 20 40 2 10
8 4 1 2 10 20 40
8 4 1 2 10 40 20
8 4 1 2 20 10 40
8 4 1 2 20 40 10
8 4 1 2 40 10 20
8 4 1 2 40 20 10
8 4 1 40 10 20 2
8 4 1 40 10 2 20
8 4 1 40 20 10 2
8 4 1 40 20 2 10
8 4 1 40 2 10 20
8 4 1 40 2 20 10
8 4 20 10 1 2 40
8 4 20 10 1 40 2
8 4 20 10 2 1 40
8 4 20 10 2 40 1
8 4 20 10 40 1 2
8 4 20 10 40 2 1
8 4 20 1 10 2 40
8 4 20 1 10 40 2
8 4 20 1 2 10 40
8 4 20 1 2 40 10
8 4 20 1 40 10 2
8 4 20 1 40 2 10
8 4 20 2 10 1 40
8 4 20 2 10 40 1
8 4 20 2 1 10 40
8 4 20 2 1 40 10
8 4 20 2 40 10 1
8 4 20 2 40 1 10
8 4 20 40 10 1 2
8 4 20 40 10 2 1
8 4 20 40 1 10 2
8 4 20 40 1 2 10
8 4 20 40 2 10 1
8 4 20 40 2 1 10
8 4 2 10 1 20 40
8 4 2 10 1 40 20
8 4 2 10 20 1 40
8 4 2 10 20 40 1
8 4 2 10 40 1 20
8 4 2 10 40 20 1
8 4 2 1 10 20 40
8 4 2 1 10 40 20
8 4 2 1 20 10 40
8 4 2 1 20 40 10
8 4 2 1 40 10 20
8 4 2 1 40 20 10
8 4 2 20 10 1 40
8 4 2 20 10 40 1
8 4 2 20 1 10 40
8 4 2 20 1 40 10
8 4 2 20 40 10 1
8 4 2 20 40 1 10
8 4 2 40 10 1 20
8 4 2 40 10 20 1
8 4 2 40 1 10 20
8 4 2 40 1 20 10
8 4 2 40 20 10 1
8 4 2 40 20 1 10
8 4 40 10 1 20 2
8 4 40 10 1 2 20
8 4 40 10 20 1 2
8 4 40 10 20 2 1
8 4 40 10 2 1 20
8 4 40 10 2 20 1
8 4 40 1 10 20 2
8 4 40 1 10 2 20
8 4 40 1 20 10 2
8 4 40 1 20 2 10
8 4 40 1 2 10 20
8 4 40 1 2 20 10
8 4 40 20 10 1 2
8 4 40 20 10 2 1
8 4 40 20 1 10 2
8 4 40 20 1 2 10
8 4 40 20 2 10 1
8 4 40 20 2 1 10
8 4 40 2 10 1 20
8 4 40 2 10 20 1
8 4 40 2 1 10 20
8 4 40 2 1 20 10
8 4 40 2 20 10 1
8 4 40 2 20 1 10
